p diff est_diff error1 size est_size error2
9973 10027 10027.07 0.000728% 99989972 99989971.93 -0.000000%
9967 10032 10032.10 0.001028% 99979940 99979939.82 -0.000000%
9949 10049 10049.25 0.002439% 99969891 99969890.58 -0.000000%
9941 10056 10056.32 0.003196% 99959835 99959834.26 -0.000001%
9931 10065 10065.43 0.004321% 99949770 99949768.82 -0.000001%
9929 10066 10066.45 0.004457% 99939704 99939702.37 -0.000002%
9923 10071 10071.52 0.005173% 99929633 99929630.85 -0.000002%
9907 10086 10086.77 0.007635% 99919547 99919544.08 -0.000003%
9901 10091 10091.86 0.008561% 99909456 99909452.22 -0.000004%
9887 10105 10105.13 0.001318% 99899351 99899347.09 -0.000004%
9883 10108 10108.20 0.001985% 99889243 99889238.89 -0.000004%
9871 10119 10119.46 0.004595% 99879124 99879119.42 -0.000005%
9859 10131 10130.76 -0.002412% 99868993 99868988.66 -0.000004%
9857 10132 10131.78 -0.002138% 99858861 99858856.88 -0.000004%
9851 10137 10136.93 -0.000731% 99848724 99848719.96 -0.000004%
9839 10148 10148.26 0.002552% 99838576 99838571.70 -0.000004%
9833 10153 10153.42 0.004130% 99828423 99828418.28 -0.000005%
9829 10156 10156.52 0.005103% 99818267 99818261.76 -0.000005%
9817 10168 10167.90 -0.000996% 99808099 99808093.86 -0.000005%
9811 10173 10173.08 0.000792% 99797926 99797920.78 -0.000005%
9803 10180 10180.34 0.003388% 99787746 99787740.43 -0.000006%
9791 10192 10191.78 -0.002136% 99777554 99777548.65 -0.000005%
9787 10195 10194.91 -0.000918% 99767359 99767353.75 -0.000005%
9781 10200 10200.12 0.001156% 99757159 99757153.63 -0.000005%
9769 10212 10211.60 -0.003884% 99746947 99746942.02 -0.000005%
9767 10213 10212.65 -0.003438% 99736734 99736729.38 -0.000005%
9749 10231 10230.46 -0.005303% 99726503 99726498.92 -0.000004%
9743 10236 10235.71 -0.002857% 99716267 99716263.21 -0.000004%
9739 10239 10238.86 -0.001362% 99706028 99706024.35 -0.000004%
9733 10245 10244.12 -0.008585% 99695783 99695780.23 -0.000003%
9721 10257 10255.71 -0.012553% 99685526 99685524.52 -0.000001%
9719 10258 10256.77 -0.012014% 99675268 99675267.75 -0.000000%
9697 10280 10278.98 -0.009923% 99664988 99664988.77 0.000001%
9689 10287 10286.41 -0.005773% 99654701 99654702.36 0.000001%
9679 10297 10295.97 -0.009994% 99644404 99644406.39 0.000002%
9677 10298 10297.03 -0.009372% 99634106 99634109.36 0.000003%
9661 10314 10313.02 -0.009478% 99623792 99623796.34 0.000004%
9649 10326 10324.78 -0.011821% 99613466 99613471.56 0.000006%
9643 10332 10330.13 -0.018071% 99603134 99603141.42 0.000007%
9631 10344 10341.93 -0.019998% 99592790 99592799.49 0.000010%
9629 10345 10343.01 -0.019280% 99582445 99582456.49 0.000012%
9623 10350 10348.38 -0.015656% 99572095 99572108.11 0.000013%
9619 10354 10351.61 -0.023111% 99561741 99561756.50 0.000016%
9613 10359 10356.99 -0.019392% 99551382 99551399.51 0.000018%
9601 10371 10368.86 -0.020660% 99541011 99541030.65 0.000020%
9587 10385 10382.92 -0.020052% 99530626 99530647.73 0.000022%
9551 10424 10420.97 -0.029104% 99520202 99520226.77 0.000025%
9547 10427 10424.24 -0.026462% 99509775 99509802.53 0.000028%
9539 10435 10431.89 -0.029800% 99499340 99499370.64 0.000031%
9533 10440 10437.36 -0.025270% 99488900 99488933.27 0.000033%
9521 10453 10449.42 -0.034243% 99478447 99478483.85 0.000037%
9511 10463 10459.31 -0.035281% 99467984 99468024.55 0.000041%
9497 10477 10473.63 -0.032205% 99457507 99457550.92 0.000044%
9491 10483 10479.14 -0.036788% 99447024 99447071.78 0.000048%
9479 10495 10491.30 -0.035216% 99436529 99436580.47 0.000052%
9473 10501 10496.84 -0.039600% 99426028 99426083.63 0.000056%
9467 10507 10502.39 -0.043918% 99415521 99415581.24 0.000061%
9463 10510 10505.72 -0.040770% 99405011 99405075.53 0.000065%
9461 10511 10506.83 -0.039716% 99394500 99394568.70 0.000069%
9439 10535 10530.20 -0.045551% 99383965 99384038.50 0.000074%
9437 10536 10531.32 -0.044448% 99373429 99373507.19 0.000079%
9433 10540 10534.67 -0.050604% 99362889 99362972.52 0.000084%
9431 10541 10535.78 -0.049489% 99352348 99352436.74 0.000089%
9421 10551 10545.85 -0.048827% 99341797 99341890.89 0.000095%
9419 10552 10546.97 -0.047688% 99331245 99331343.92 0.000100%
9413 10558 10552.57 -0.051428% 99320687 99320791.35 0.000105%
9403 10568 10562.67 -0.050430% 99310119 99310228.68 0.000110%
9397 10574 10568.29 -0.053993% 99299545 99299660.39 0.000116%
9391 10580 10573.92 -0.057489% 99288965 99289086.47 0.000122%
9377 10595 10588.58 -0.060623% 99278370 99278497.89 0.000129%
9371 10601 10594.23 -0.063894% 99267769 99267903.67 0.000136%
9349 10625 10618.02 -0.065659% 99257144 99257285.64 0.000143%
9343 10631 10623.71 -0.068610% 99246513 99246661.94 0.000150%
9341 10632 10624.84 -0.067312% 99235881 99236037.09 0.000157%
9337 10636 10628.26 -0.072798% 99225245 99225408.84 0.000165%
9323 10651 10643.08 -0.074385% 99214594 99214765.76 0.000173%
9319 10654 10646.50 -0.070364% 99203940 99204119.26 0.000181%
9311 10662 10654.51 -0.070273% 99193278 99193464.75 0.000188%
9293 10682 10674.00 -0.074910% 99182596 99182790.75 0.000196%
9283 10693 10684.35 -0.080925% 99171903 99172106.40 0.000205%
9281 10694 10685.50 -0.079503% 99161209 99161420.91 0.000214%
9277 10698 10688.95 -0.084563% 99150511 99150731.95 0.000223%
9257 10720 10710.89 -0.084958% 99139791 99140021.06 0.000232%
9241 10738 10728.28 -0.090534% 99129053 99129292.78 0.000242%
9239 10739 10729.44 -0.089025% 99118314 99118563.34 0.000252%
9227 10752 10742.23 -0.090860% 99107562 99107821.11 0.000261%
9221 10758 10748.06 -0.092437% 99096804 99097073.06 0.000272%
9209 10771 10760.89 -0.093826% 99086033 99086312.16 0.000282%
9203 10778 10766.74 -0.104468% 99075255 99075545.42 0.000293%
9199 10781 10770.25 -0.099697% 99064474 99064775.17 0.000304%
9187 10794 10783.15 -0.100543% 99053680 99053992.02 0.000315%
9181 10801 10789.02 -0.110916% 99042879 99043203.00 0.000327%
9173 10809 10797.25 -0.108677% 99032070 99032405.75 0.000339%
9161 10822 10810.22 -0.108872% 99021248 99021595.53 0.000351%
9157 10826 10813.76 -0.113066% 99010422 99010781.77 0.000363%
9151 10832 10819.67 -0.113848% 98999590 98999962.10 0.000376%
9137 10848 10835.06 -0.119266% 98988742 98989127.04 0.000389%
9133 10852 10838.62 -0.123285% 98977890 98978288.42 0.000403%
9127 10858 10844.56 -0.123790% 98967032 98967443.86 0.000416%
9109 10879 10864.80 -0.130546% 98956153 98956579.06 0.000431%
9103 10885 10870.77 -0.130771% 98945268 98945708.30 0.000445%
9091 10898 10883.92 -0.129207% 98934370 98934824.38 0.000459%
9067 10927 10911.53 -0.141594% 98923443 98923912.85 0.000475%
9059 10935 10919.96 -0.137545% 98912508 98912992.89 0.000490%
9049 10946 10930.82 -0.138678% 98901562 98902062.07 0.000506%
9043 10953 10936.86 -0.147319% 98890609 98891125.21 0.000522%
9041 10954 10938.07 -0.145392% 98879655 98880187.13 0.000538%
9029 10968 10951.40 -0.151353% 98868687 98869235.73 0.000555%
9013 10987 10969.63 -0.158136% 98857700 98858266.11 0.000573%
9011 10988 10970.84 -0.156143% 98846712 98847295.27 0.000590%
9007 10992 10974.50 -0.159233% 98835720 98836320.77 0.000608%
9001 10998 10980.59 -0.158271% 98824722 98825340.17 0.000626%
8999 11000 10981.81 -0.165331% 98813722 98814358.36 0.000644%
8971 11034 11014.87 -0.173414% 98802688 98803343.50 0.000663%
8969 11035 11016.09 -0.171331% 98791653 98792327.40 0.000683%
8963 11041 11022.24 -0.169922% 98780612 98781305.16 0.000702%
8951 11055 11035.78 -0.173819% 98769557 98770269.38 0.000721%
8941 11067 11046.89 -0.181685% 98758490 98759222.49 0.000742%
8933 11076 11055.55 -0.184639% 98747414 98748166.94 0.000762%
8929 11080 11059.26 -0.187149% 98736334 98737107.67 0.000784%
8923 11086 11065.46 -0.185271% 98725248 98726042.21 0.000804%
8893 11123 11101.55 -0.192886% 98714125 98714940.67 0.000826%
8887 11130 11107.79 -0.199540% 98702995 98703832.88 0.000849%
8867 11154 11131.59 -0.200890% 98691841 98692701.28 0.000872%
8863 11158 11135.36 -0.202898% 98680683 98681565.92 0.000895%
8861 11160 11136.62 -0.209522% 98669523 98670429.30 0.000919%
8849 11174 11150.46 -0.210659% 98658349 98659278.84 0.000942%
8839 11186 11161.81 -0.216212% 98647163 98648117.03 0.000967%
8837 11188 11163.08 -0.222760% 98635975 98636953.95 0.000992%
8831 11194 11169.40 -0.219778% 98624781 98625784.55 0.001018%
8821 11206 11180.79 -0.224932% 98613575 98614603.76 0.001043%
8819 11208 11182.06 -0.231425% 98602367 98603421.70 0.001070%
8807 11222 11196.03 -0.231435% 98591145 98592225.67 0.001096%
8803 11226 11199.84 -0.232996% 98579919 98581025.83 0.001123%
8783 11251 11224.07 -0.239337% 98568668 98569801.75 0.001150%
8779 11255 11227.91 -0.240713% 98557413 98558573.85 0.001178%
8761 11278 11249.69 -0.250979% 98546135 98547324.15 0.001207%
8753 11287 11258.69 -0.250809% 98534848 98536065.46 0.001236%
8747 11294 11265.13 -0.255649% 98523554 98524800.33 0.001265%
8741 11301 11271.57 -0.260412% 98512253 98513528.76 0.001295%
8737 11305 11275.44 -0.261468% 98500948 98502253.32 0.001325%
8731 11312 11281.90 -0.266105% 98489636 98490971.42 0.001356%
8719 11327 11296.13 -0.272521% 98478309 98479675.29 0.001387%
8713 11334 11302.61 -0.276920% 98466975 98468372.68 0.001419%
8707 11341 11309.10 -0.281241% 98455634 98457063.57 0.001452%
8699 11350 11318.20 -0.280134% 98444284 98445745.37 0.001484%
8693 11357 11324.71 -0.284276% 98432927 98434420.65 0.001517%
8689 11361 11328.62 -0.284968% 98421566 98423092.03 0.001551%
8681 11371 11337.76 -0.292325% 98410195 98411754.27 0.001584%
8677 11375 11341.68 -0.292926% 98398820 98400412.59 0.001619%
8669 11385 11350.84 -0.300064% 98387435 98389061.75 0.001653%
8663 11392 11357.39 -0.303818% 98376043 98377704.36 0.001689%
8647 11412 11377.09 -0.305899% 98364631 98366327.27 0.001724%
8641 11419 11383.67 -0.309361% 98353212 98354943.60 0.001761%
8629 11434 11398.19 -0.313227% 98341778 98343545.41 0.001797%
8627 11436 11399.51 -0.319108% 98330342 98332145.90 0.001835%
8623 11440 11403.47 -0.319294% 98318902 98320742.43 0.001872%
8609 11458 11420.69 -0.325601% 98307444 98309321.74 0.001910%
8599 11471 11432.65 -0.334357% 98295973 98297889.09 0.001949%
8597 11472 11433.98 -0.331453% 98284501 98286455.12 0.001988%
8581 11493 11453.96 -0.339660% 98273008 98275001.15 0.002028%
8573 11503 11463.32 -0.344995% 98261505 98263537.84 0.002069%
8563 11516 11475.36 -0.352870% 98249989 98252062.48 0.002110%
8543 11542 11500.89 -0.356219% 98238447 98240561.59 0.002153%
8539 11546 11504.93 -0.355744% 98226901 98229056.67 0.002195%
8537 11548 11506.27 -0.361331% 98215353 98217550.39 0.002237%
8527 11561 11518.42 -0.368324% 98203792 98206031.97 0.002281%
8521 11568 11525.18 -0.370186% 98192224 98194506.80 0.002325%
8513 11578 11534.65 -0.374385% 98180646 98182972.14 0.002369%
8501 11594 11549.58 -0.383137% 98169052 98171422.56 0.002415%
8467 11640 11594.59 -0.390091% 98157412 98159827.97 0.002461%
8461 11647 11601.45 -0.391129% 98145765 98148226.53 0.002508%
8447 11666 11619.30 -0.400309% 98134099 98136607.23 0.002556%
8443 11671 11623.43 -0.407604% 98122428 98124983.80 0.002605%
8431 11686 11638.59 -0.405667% 98110742 98113345.20 0.002653%
8429 11688 11639.97 -0.410896% 98099054 98101705.23 0.002703%
8423 11696 11646.88 -0.419937% 98087358 98090058.34 0.002753%
8419 11700 11651.03 -0.418510% 98075658 98078407.31 0.002803%
8389 11742 11691.31 -0.431690% 98063916 98066716.00 0.002855%
8387 11744 11692.70 -0.436777% 98052172 98055023.29 0.002908%
8377 11757 11705.27 -0.440017% 98040415 98043318.03 0.002961%
8369 11767 11715.06 -0.441423% 98028648 98031602.97 0.003014%
8363 11775 11722.06 -0.449581% 98016873 98019880.91 0.003069%
8353 11788 11734.69 -0.452224% 98005085 98008146.22 0.003124%
8329 11822 11767.10 -0.464419% 97993263 97996379.12 0.003180%
8317 11838 11782.66 -0.467482% 97981425 97984596.46 0.003237%
8311 11846 11789.75 -0.474860% 97969579 97972806.71 0.003295%
8297 11865 11808.22 -0.478545% 97957714 97960998.49 0.003353%
8293 11870 11812.49 -0.484480% 97945844 97949186.00 0.003412%
8291 11872 11813.92 -0.489243% 97933972 97937372.08 0.003472%
8287 11877 11818.19 -0.495127% 97922095 97925553.89 0.003532%
8273 11896 11836.76 -0.497943% 97910199 97913717.12 0.003593%
8269 11901 11841.06 -0.503663% 97898298 97901876.06 0.003655%
8263 11909 11848.22 -0.510336% 97886389 97890027.84 0.003717%
8243 11937 11875.53 -0.514919% 97874452 97878152.31 0.003781%
8237 11945 11882.74 -0.521199% 97862507 97866269.56 0.003845%
8233 11950 11887.07 -0.526588% 97850557 97854382.49 0.003910%
8231 11952 11888.52 -0.531151% 97838605 97842493.97 0.003975%
8221 11965 11901.53 -0.530448% 97826640 97830592.44 0.004040%
8219 11967 11902.98 -0.534971% 97814673 97818689.46 0.004106%
8209 11981 11916.03 -0.542276% 97802692 97806773.43 0.004173%
8191 12007 11940.76 -0.551670% 97790685 97794832.67 0.004241%
8179 12024 11956.82 -0.558714% 97778661 97782875.85 0.004311%
8171 12035 11967.06 -0.564491% 97766626 97770908.79 0.004381%
8167 12040 11971.46 -0.569274% 97754586 97758937.33 0.004451%
8161 12048 11978.79 -0.574420% 97742538 97746958.53 0.004523%
8147 12068 11997.91 -0.580807% 97730470 97734960.63 0.004595%
8123 12103 12031.88 -0.587624% 97718367 97722928.75 0.004668%
8117 12111 12039.29 -0.592094% 97706256 97710889.45 0.004742%
8111 12119 12046.71 -0.596476% 97694137 97698842.74 0.004817%
8101 12134 12060.10 -0.609060% 97682003 97686782.64 0.004893%
8093 12145 12070.53 -0.613191% 97669858 97674712.12 0.004970%
8089 12150 12075.00 -0.617246% 97657708 97662637.11 0.005047%
8087 12152 12076.50 -0.621316% 97645556 97650560.61 0.005125%
8081 12160 12083.97 -0.625248% 97633396 97638476.64 0.005204%
8069 12178 12100.44 -0.636859% 97621218 97626376.20 0.005284%
8059 12192 12113.96 -0.640120% 97609026 97614262.24 0.005365%
8053 12200 12121.48 -0.643623% 97596826 97602140.77 0.005446%
8039 12221 12141.08 -0.653958% 97584605 97589999.69 0.005528%
8017 12254 12172.88 -0.661967% 97572351 97577826.80 0.005612%
8011 12262 12180.48 -0.664817% 97560089 97565646.32 0.005696%
8009 12264 12182.00 -0.668615% 97547825 97553464.32 0.005781%
7993 12288 12204.86 -0.676576% 97535537 97541259.46 0.005867%
7963 12335 12249.31 -0.694686% 97523202 97529010.15 0.005956%
7951 12353 12266.26 -0.702201% 97510849 97516743.89 0.006045%
7949 12355 12267.80 -0.705785% 97498494 97504476.09 0.006136%
7937 12373 12284.80 -0.712824% 97486121 97492191.29 0.006227%
7933 12378 12289.45 -0.715398% 97473743 97479901.84 0.006318%
7927 12387 12297.20 -0.724956% 97461356 97467604.64 0.006411%
7919 12398 12308.07 -0.725361% 97448958 97455296.57 0.006505%
7907 12417 12325.19 -0.739370% 97436541 97442971.38 0.006600%
7901 12425 12332.99 -0.740505% 97424116 97430638.39 0.006695%
7883 12453 12359.59 -0.750110% 97411663 97418278.80 0.006792%
7879 12458 12364.29 -0.752169% 97399205 97405914.50 0.006889%
7877 12461 12365.86 -0.763466% 97386744 97393548.64 0.006987%
7873 12466 12370.58 -0.765470% 97374278 97381178.06 0.007086%
7867 12475 12378.44 -0.774038% 97361803 97368799.62 0.007186%
7853 12496 12398.93 -0.776806% 97349307 97356400.69 0.007287%
7841 12515 12416.32 -0.788458% 97336792 97343984.37 0.007389%
7829 12534 12433.77 -0.799666% 97324258 97331550.60 0.007493%
7823 12542 12441.72 -0.799579% 97311716 97319108.88 0.007597%
7817 12551 12449.67 -0.807307% 97299165 97306659.21 0.007702%
7793 12590 12486.42 -0.822729% 97286575 97294172.79 0.007810%
7789 12595 12491.23 -0.823916% 97273980 97281681.56 0.007917%
7759 12644 12537.91 -0.839015% 97261336 97269143.65 0.008027%
7757 12646 12539.53 -0.841917% 97248690 97256604.12 0.008138%
7753 12652 12544.38 -0.850590% 97236038 97244059.73 0.008250%
7741 12671 12562.21 -0.858583% 97223367 97231497.52 0.008363%
7727 12693 12583.34 -0.863911% 97210674 97218914.18 0.008477%
7723 12699 12588.23 -0.872259% 97197975 97206325.95 0.008592%
7717 12708 12596.39 -0.878282% 97185267 97193729.56 0.008708%
7703 12730 12617.65 -0.882590% 97172537 97181111.91 0.008824%
7699 12736 12622.56 -0.890681% 97159801 97168489.35 0.008942%
7691 12749 12634.05 -0.901628% 97147052 97155855.30 0.009062%
7687 12754 12638.98 -0.901818% 97134298 97143216.32 0.009181%
7681 12764 12647.21 -0.914999% 97121534 97130569.11 0.009303%
7673 12776 12658.75 -0.917756% 97108758 97117910.36 0.009425%
7669 12782 12663.70 -0.925525% 97095976 97105246.66 0.009548%
7649 12815 12695.16 -0.935187% 97083161 97092551.51 0.009673%
7643 12824 12703.46 -0.939949% 97070337 97079848.04 0.009798%
7639 12830 12708.45 -0.947390% 97057507 97067139.59 0.009925%
7621 12860 12736.80 -0.958023% 97044647 97054402.80 0.010053%
7607 12883 12758.56 -0.965886% 97031764 97041644.23 0.010182%
7603 12889 12763.60 -0.972929% 97018875 97028880.63 0.010313%
7591 12909 12782.09 -0.983076% 97005966 97016098.54 0.010445%
7589 12911 12783.78 -0.985369% 96993055 97003314.76 0.010578%
7583 12921 12792.21 -0.996763% 96980134 96990522.55 0.010712%
7577 12930 12800.65 -1.000389% 96967204 96977721.90 0.010847%
7573 12936 12805.72 -1.007108% 96954268 96964916.18 0.010983%
7561 12956 12824.35 -1.016126% 96941312 96952091.83 0.011120%
7559 12959 12826.05 -1.025948% 96928353 96939265.78 0.011259%
7549 12975 12841.34 -1.030145% 96915378 96926424.44 0.011398%
7547 12978 12843.04 -1.039912% 96902400 96913581.40 0.011539%
7541 12987 12851.56 -1.042922% 96889413 96900729.85 0.011680%
7537 12993 12856.67 -1.049249% 96876420 96887873.18 0.011822%
7529 13006 12868.62 -1.056248% 96863414 96875004.55 0.011966%
7523 13016 12877.18 -1.066555% 96850398 96862127.37 0.012111%
7517 13026 12885.74 -1.076749% 96837372 96849241.63 0.012257%
7507 13042 12901.19 -1.079657% 96824330 96836340.44 0.012404%
7499 13056 12913.23 -1.093491% 96811274 96823427.21 0.012554%
7489 13072 12928.75 -1.095835% 96798202 96810498.45 0.012703%
7487 13075 12930.48 -1.105321% 96785127 96797567.98 0.012854%
7481 13085 12939.12 -1.114853% 96772042 96784628.85 0.013007%
7477 13091 12944.31 -1.120517% 96758951 96771684.54 0.013160%
7459 13122 12973.81 -1.129288% 96745829 96758710.73 0.013315%
7457 13125 12975.55 -1.138632% 96732704 96745735.17 0.013471%
7451 13135 12984.26 -1.147607% 96719569 96732750.91 0.013629%
7433 13166 13013.96 -1.154807% 96706403 96719736.95 0.013788%
7417 13194 13040.28 -1.165095% 96693209 96706696.67 0.013949%
7411 13204 13049.08 -1.173317% 96680005 96693647.60 0.014111%
7393 13236 13079.08 -1.185545% 96666769 96680568.52 0.014275%
7369 13279 13119.90 -1.198106% 96653490 96667448.61 0.014442%
7351 13311 13150.24 -1.207688% 96640179 96654298.37 0.014610%
7349 13314 13152.03 -1.216508% 96626865 96641146.34 0.014780%
7333 13342 13178.94 -1.222177% 96613523 96627967.40 0.014951%
7331 13345 13180.73 -1.230911% 96600178 96614786.66 0.015123%
7321 13363 13196.94 -1.242696% 96586815 96601589.73 0.015297%
7309 13384 13216.80 -1.249254% 96573431 96588372.93 0.015472%
7307 13387 13218.61 -1.257873% 96560044 96575154.32 0.015649%
7297 13405 13234.91 -1.268838% 96546639 96561919.40 0.015827%
7283 13430 13258.54 -1.276722% 96533209 96548660.87 0.016007%
7253 13486 13311.55 -1.293575% 96519723 96535349.32 0.016190%
7247 13496 13320.73 -1.298662% 96506227 96522028.59 0.016374%
7243 13503 13326.25 -1.308969% 96492724 96508702.34 0.016559%
7237 13513 13335.46 -1.313868% 96479211 96495366.88 0.016745%
7229 13528 13348.37 -1.327838% 96465683 96482018.51 0.016934%
7219 13546 13365.01 -1.336102% 96452137 96468653.50 0.017124%
7213 13556 13374.28 -1.340542% 96438581 96455279.22 0.017315%
7211 13559 13376.13 -1.348692% 96425022 96441903.09 0.017507%
7207 13566 13381.70 -1.358552% 96411456 96428521.39 0.017701%
7193 13592 13405.88 -1.369308% 96397864 96415115.51 0.017896%
7187 13603 13415.21 -1.380503% 96384261 96401700.30 0.018094%
7177 13621 13432.03 -1.387322% 96370640 96388268.27 0.018292%
7159 13655 13463.93 -1.399274% 96356985 96374804.34 0.018493%
7151 13670 13477.11 -1.411056% 96343315 96361327.23 0.018696%
7129 13712 13516.81 -1.423509% 96329603 96347810.42 0.018901%
7127 13715 13518.70 -1.431243% 96315888 96334291.71 0.019108%
7121 13725 13528.20 -1.433901% 96302163 96320763.52 0.019315%
7109 13748 13549.13 -1.446539% 96288415 96307214.39 0.019524%
7103 13759 13558.67 -1.456011% 96274656 96293655.72 0.019735%
7079 13806 13602.72 -1.472402% 96260850 96280053.00 0.019949%
7069 13825 13620.04 -1.482542% 96247025 96266432.96 0.020165%
7057 13846 13641.27 -1.478632% 96233179 96252791.69 0.020380%
7043 13872 13666.45 -1.481778% 96219307 96239125.25 0.020597%
7039 13877 13672.27 -1.475302% 96205430 96225452.97 0.020813%
7027 13898 13693.67 -1.470177% 96191532 96211759.30 0.021028%
7019 13912 13707.33 -1.471166% 96177620 96198051.97 0.021244%
7013 13920 13717.10 -1.457585% 96163700 96184334.86 0.021458%
7001 13942 13738.66 -1.458495% 96149758 96170596.21 0.021673%
6997 13948 13744.55 -1.458653% 96135810 96156851.66 0.021887%
6991 13958 13754.38 -1.458824% 96121852 96143097.28 0.022102%
6983 13971 13768.17 -1.451828% 96107881 96129329.12 0.022317%
6977 13981 13778.03 -1.451742% 96093900 96115551.08 0.022531%
6971 13992 13787.91 -1.458588% 96079908 96101763.17 0.022747%
6967 13998 13793.85 -1.458412% 96065910 96087969.32 0.022963%
6961 14007 13803.76 -1.450993% 96051903 96074165.56 0.023178%
6959 14009 13805.74 -1.450903% 96037894 96060359.82 0.023393%
6949 14026 13823.62 -1.442867% 96023868 96046536.19 0.023607%
6947 14028 13825.61 -1.442733% 96009840 96032710.58 0.023821%
6917 14085 13883.58 -1.430045% 95995755 96018827.00 0.024034%
6911 14094 13893.62 -1.421720% 95981661 96004933.38 0.024247%
6907 14100 13899.66 -1.420870% 95967561 95991033.72 0.024459%
6899 14112 13913.76 -1.404758% 95953449 95977119.96 0.024669%
6883 14143 13944.08 -1.406473% 95939306 95963175.88 0.024880%
6871 14166 13966.41 -1.408965% 95925140 95949209.47 0.025092%
6869 14169 13968.44 -1.415490% 95910971 95935241.03 0.025305%
6863 14178 13978.62 -1.406292% 95896793 95921262.42 0.025516%
6857 14189 13988.81 -1.410890% 95882604 95907273.61 0.025729%
6841 14219 14019.48 -1.403182% 95868385 95893254.13 0.025941%
6833 14233 14033.84 -1.399257% 95854152 95879220.28 0.026153%
6829 14239 14040.01 -1.397508% 95839913 95865180.27 0.026364%
6827 14241 14042.07 -1.396915% 95825672 95851138.21 0.026576%
6823 14248 14048.24 -1.402025% 95811424 95837089.97 0.026788%
6803 14286 14087.47 -1.389650% 95797138 95823002.49 0.026999%
6793 14305 14106.14 -1.390150% 95782833 95808896.36 0.027211%
6791 14307 14108.22 -1.389416% 95768526 95794788.14 0.027423%
6781 14326 14126.94 -1.389493% 95754200 95780661.20 0.027635%
6779 14328 14129.03 -1.388714% 95739872 95766532.17 0.027846%
6763 14360 14160.36 -1.390233% 95725512 95752371.81 0.028059%
6761 14362 14162.46 -1.389382% 95711150 95738209.35 0.028272%
6737 14411 14210.81 -1.389165% 95696739 95723998.55 0.028485%
6733 14418 14217.14 -1.393125% 95682321 95709781.41 0.028700%
6719 14446 14244.65 -1.393834% 95667875 95695536.76 0.028914%
6709 14465 14263.76 -1.391250% 95653410 95681273.00 0.029129%
6703 14474 14274.40 -1.379056% 95638936 95666998.61 0.029342%
6701 14477 14276.53 -1.384778% 95624459 95652722.08 0.029556%
6691 14497 14295.73 -1.388364% 95609962 95638426.35 0.029771%
6689 14499 14297.87 -1.387226% 95595463 95624128.49 0.029986%
6679 14518 14317.13 -1.383575% 95580945 95609811.36 0.030201%
6673 14527 14327.86 -1.370825% 95566418 95595483.50 0.030414%
6661 14551 14351.52 -1.370893% 95551867 95581131.97 0.030627%
6659 14553 14353.68 -1.369638% 95537314 95566778.30 0.030841%
6653 14564 14364.46 -1.370064% 95522750 95552413.83 0.031054%
6637 14596 14396.93 -1.363878% 95508154 95538016.90 0.031267%
6619 14631 14433.90 -1.347106% 95493523 95523583.00 0.031479%
6607 14654 14457.94 -1.337956% 95478869 95509125.06 0.031689%
6599 14669 14473.27 -1.334294% 95464200 95494651.79 0.031899%
6581 14705 14510.66 -1.321593% 95449495 95480141.13 0.032107%
6577 14712 14517.28 -1.323555% 95434783 95465623.85 0.032316%
6571 14722 14528.33 -1.315548% 95420061 95451095.53 0.032524%
6569 14725 14530.54 -1.320634% 95405336 95436564.99 0.032733%
6563 14736 14541.61 -1.319173% 95390600 95422023.38 0.032942%
6553 14757 14561.58 -1.324264% 95375843 95407461.81 0.033152%
6551 14759 14563.80 -1.322575% 95361084 95392898.01 0.033362%
6547 14767 14570.47 -1.330841% 95346317 95378327.53 0.033573%
6529 14804 14608.41 -1.321178% 95331513 95363719.12 0.033783%
6521 14821 14624.09 -1.328559% 95316692 95349095.02 0.033995%
6491 14883 14689.43 -1.300606% 95301809 95334405.59 0.034204%
6481 14904 14709.83 -1.302807% 95286905 95319695.76 0.034413%
6473 14919 14725.74 -1.295415% 95271986 95304970.03 0.034621%
6469 14926 14732.57 -1.295953% 95257060 95290237.46 0.034829%
6451 14966 14771.39 -1.300347% 95242094 95275466.07 0.035039%
6449 14968 14773.68 -1.298232% 95227126 95260692.39 0.035249%
6427 15017 14821.95 -1.298841% 95212109 95245870.44 0.035459%
6421 15029 14833.49 -1.300853% 95197080 95231036.94 0.035670%
6397 15084 14886.83 -1.307162% 95181996 95216150.11 0.035883%
6389 15099 14903.14 -1.297184% 95166897 95201246.98 0.036094%
6379 15121 14924.16 -1.301734% 95151776 95186322.81 0.036307%
6373 15133 14935.87 -1.302626% 95136643 95171386.94 0.036520%
6367 15145 14947.60 -1.303382% 95121498 95156439.33 0.036733%
6361 15157 14959.35 -1.304003% 95106341 95141479.98 0.036947%
6359 15160 14961.70 -1.308017% 95091181 95126518.28 0.037161%
6353 15172 14973.48 -1.308463% 95076009 95111544.80 0.037376%
6343 15192 14994.73 -1.298541% 95060817 95096550.07 0.037590%
6337 15204 15006.56 -1.298627% 95045613 95081543.51 0.037803%
6329 15222 15023.15 -1.306305% 95030391 95066520.36 0.038019%
6323 15233 15035.03 -1.299586% 95015158 95051485.33 0.038233%
6317 15246 15046.93 -1.305690% 94999912 95036438.39 0.038449%
6311 15258 15058.86 -1.305180% 94984654 95021379.54 0.038665%
6301 15279 15080.36 -1.300053% 94969375 95006299.17 0.038880%
6299 15281 15082.76 -1.297304% 94954094 94991216.41 0.039095%
6287 15307 15109.15 -1.292556% 94938787 94976107.26 0.039310%
6277 15330 15130.81 -1.299334% 94923457 94960976.45 0.039526%
6271 15343 15142.88 -1.304333% 94908114 94945833.58 0.039743%
6269 15346 15145.29 -1.307887% 94892768 94930688.28 0.039961%
6263 15359 15157.38 -1.312698% 94877409 94915530.90 0.040180%
6257 15373 15169.50 -1.323781% 94862036 94900361.41 0.040401%
6247 15395 15191.35 -1.322834% 94846641 94885170.06 0.040622%
6229 15436 15232.81 -1.316342% 94831205 94869937.25 0.040843%
6221 15455 15249.95 -1.326757% 94815750 94854687.30 0.041066%
6217 15462 15257.31 -1.323835% 94800288 94839429.99 0.041289%
6211 15476 15269.59 -1.333736% 94784812 94824160.40 0.041513%
6203 15493 15286.82 -1.330778% 94769319 94808873.57 0.041738%
6199 15501 15294.22 -1.333975% 94753818 94793579.35 0.041963%
6197 15504 15296.69 -1.337148% 94738314 94778282.67 0.042188%
6173 15560 15353.68 -1.325947% 94722754 94762928.98 0.042413%
6163 15582 15376.10 -1.321371% 94707172 94747552.88 0.042638%
6151 15610 15403.60 -1.322220% 94691562 94732149.28 0.042863%
6143 15629 15421.15 -1.329874% 94675933 94716728.12 0.043089%
6133 15653 15443.78 -1.336586% 94660280 94701284.34 0.043317%
6131 15656 15446.30 -1.339403% 94644624 94685838.04 0.043546%
6121 15679 15469.01 -1.339278% 94628945 94670369.02 0.043775%
6113 15696 15486.73 -1.333282% 94613249 94654882.29 0.044004%
6101 15725 15514.65 -1.337676% 94597524 94639367.64 0.044233%
6091 15750 15537.57 -1.348732% 94581774 94623830.07 0.044465%
6089 15753 15540.13 -1.351321% 94566021 94608289.94 0.044698%
6079 15776 15563.13 -1.349304% 94550245 94592726.81 0.044930%
6073 15788 15575.95 -1.343127% 94534457 94577150.86 0.045162%
6067 15801 15588.78 -1.343056% 94518656 94561562.08 0.045394%
6053 15836 15622.26 -1.349686% 94502820 94545939.81 0.045628%
6047 15850 15635.18 -1.355325% 94486970 94530304.63 0.045863%
6043 15857 15642.94 -1.349921% 94471113 94514661.69 0.046097%
6037 15871 15655.90 -1.355309% 94455242 94499005.79 0.046333%
6029 15888 15674.08 -1.346448% 94439354 94483331.71 0.046567%
6011 15933 15718.40 -1.346859% 94423421 94467613.31 0.046802%
6007 15942 15726.25 -1.353313% 94407479 94451887.05 0.047039%
5987 15994 15776.16 -1.361993% 94391485 94436110.89 0.047277%
5981 16008 15789.35 -1.365871% 94375477 94420321.54 0.047517%
5953 16080 15860.96 -1.362161% 94359397 94404460.58 0.047757%
5939 16117 15895.68 -1.373191% 94343280 94388564.89 0.048000%
5927 16145 15925.18 -1.361512% 94327135 94372639.71 0.048241%
5923 16155 15933.25 -1.372640% 94310980 94356706.46 0.048485%
5903 16206 15984.53 -1.366566% 94294774 94340721.92 0.048728%
5897 16221 15998.09 -1.374222% 94278553 94324723.84 0.048973%
5881 16264 16038.89 -1.384088% 94262289 94308684.95 0.049220%
5879 16268 16041.62 -1.391565% 94246021 94292643.33 0.049469%
5869 16294 16066.22 -1.397940% 94229727 94276577.11 0.049719%
5867 16297 16068.96 -1.399288% 94213430 94260508.15 0.049970%
5861 16311 16082.67 -1.399875% 94197119 94244425.48 0.050221%
5857 16321 16090.90 -1.409815% 94180798 94228334.58 0.050474%
5851 16334 16104.65 -1.404098% 94164464 94212229.92 0.050726%
5849 16337 16107.41 -1.405349% 94148127 94196122.51 0.050979%
5843 16353 16121.19 -1.417528% 94131774 94180001.32 0.051234%
5839 16362 16129.47 -1.421132% 94115412 94163871.85 0.051490%
5827 16394 16159.92 -1.427821% 94099018 94147711.92 0.051748%
5821 16409 16173.80 -1.433337% 94082609 94131538.12 0.052007%
5813 16428 16193.28 -1.428779% 94066181 94115344.84 0.052265%
5807 16443 16207.22 -1.433904% 94049738 94099137.62 0.052525%
5801 16459 16221.19 -1.444848% 94033279 94082916.43 0.052787%
5791 16484 16246.40 -1.441383% 94016795 94066670.02 0.053049%
5783 16505 16266.07 -1.447635% 94000290 94050403.95 0.053313%
5779 16514 16274.51 -1.450213% 93983776 94034129.44 0.053577%
5749 16593 16356.61 -1.424659% 93967183 94017772.84 0.053838%
5743 16606 16370.85 -1.416074% 93950577 94001401.99 0.054098%
5741 16608 16373.70 -1.410776% 93933969 93985028.29 0.054357%
5737 16615 16382.26 -1.400780% 93917354 93968646.03 0.054614%
5717 16666 16436.71 -1.375821% 93900688 93952209.33 0.054868%
5711 16680 16451.10 -1.372326% 93884008 93935758.23 0.055121%
5701 16704 16477.07 -1.358556% 93867304 93919281.16 0.055373%
5693 16723 16497.33 -1.349478% 93850581 93902783.84 0.055623%
5689 16730 16506.03 -1.338755% 93833851 93886277.81 0.055872%
5683 16745 16520.55 -1.340408% 93817106 93869757.26 0.056121%
5669 16779 16558.43 -1.314541% 93800327 93853198.83 0.056366%
5659 16804 16584.77 -1.304645% 93783523 93836614.06 0.056610%
5657 16807 16587.70 -1.304819% 93766716 93820026.36 0.056854%
5653 16815 16596.50 -1.299423% 93749901 93803429.86 0.057098%
5651 16817 16599.44 -1.293697% 93733084 93786830.42 0.057340%
5647 16826 16608.26 -1.294083% 93716258 93770222.16 0.057582%
5641 16839 16622.98 -1.282864% 93699419 93753599.18 0.057823%
5639 16842 16625.93 -1.282945% 93682577 93736973.26 0.058064%
5623 16886 16670.28 -1.277520% 93665691 93720302.98 0.058305%
5591 16977 16762.71 -1.262246% 93648714 93703540.27 0.058545%
5581 17005 16789.74 -1.265862% 93631709 93686750.53 0.058785%
5573 17024 16810.83 -1.252179% 93614685 93669939.70 0.059024%
5569 17034 16819.89 -1.256986% 93597651 93653119.82 0.059263%
5563 17049 16835.00 -1.255190% 93580602 93636284.81 0.059503%
5557 17066 16850.15 -1.264794% 93563536 93619434.66 0.059744%
5531 17139 16926.31 -1.240956% 93546397 93602508.35 0.059982%
5527 17146 16935.50 -1.227692% 93529251 93585572.85 0.060218%
5521 17161 16950.84 -1.224653% 93512090 93568622.01 0.060454%
5519 17164 16953.91 -1.224023% 93494926 93551668.11 0.060690%
5507 17197 16987.77 -1.216646% 93477729 93534680.33 0.060925%
5503 17206 16997.03 -1.214493% 93460523 93517683.30 0.061160%
5501 17210 17000.12 -1.219499% 93443313 93500683.17 0.061396%
5483 17261 17052.83 -1.205996% 93426052 93483630.34 0.061630%
5479 17271 17062.17 -1.209136% 93408781 93466568.17 0.061865%
5477 17274 17065.29 -1.208259% 93391507 93449502.88 0.062100%
5471 17287 17080.88 -1.192332% 93374220 93432422.00 0.062332%
5449 17351 17146.71 -1.177397% 93356869 93415275.29 0.062562%
5443 17367 17162.46 -1.177745% 93339502 93398112.83 0.062793%
5441 17369 17165.62 -1.170964% 93322133 93380947.22 0.063023%
5437 17380 17175.09 -1.179017% 93304753 93363772.13 0.063254%
5431 17393 17190.90 -1.161968% 93287360 93346581.23 0.063483%
5419 17427 17225.79 -1.154561% 93269933 93329355.44 0.063710%
5417 17430 17228.97 -1.153330% 93252503 93312126.46 0.063938%
5413 17441 17238.52 -1.160924% 93235062 93294887.94 0.064167%
5407 17455 17254.46 -1.148873% 93217607 93277633.47 0.064394%
5399 17477 17276.84 -1.145304% 93200130 93260356.64 0.064621%
5393 17495 17292.85 -1.155455% 93182635 93243063.79 0.064850%
5387 17511 17308.90 -1.154111% 93165124 93225754.88 0.065079%
5381 17527 17324.99 -1.152582% 93147597 93208429.90 0.065308%
5351 17615 17418.88 -1.113366% 93129982 93191011.02 0.065531%
5347 17625 17428.65 -1.114022% 93112357 93173582.36 0.065754%
5333 17669 17471.14 -1.119822% 93094688 93156111.22 0.065979%
5323 17698 17500.68 -1.114937% 93076990 93138610.54 0.066204%
5309 17737 17543.53 -1.090760% 93059253 93121067.01 0.066424%
5303 17754 17560.07 -1.092300% 93041499 93103506.94 0.066645%
5297 17767 17576.65 -1.071377% 93023732 93085930.29 0.066863%
5281 17815 17626.57 -1.057689% 93005917 93068303.72 0.067078%
5279 17819 17629.91 -1.061161% 92988098 93050673.81 0.067294%
5273 17835 17646.63 -1.056188% 92970263 93033027.18 0.067510%
5261 17871 17683.53 -1.049044% 92952392 93015343.65 0.067725%
5237 17945 17761.19 -1.024305% 92934447 92997582.46 0.067935%
5233 17955 17771.37 -1.022720% 92916492 92979811.09 0.068146%
5231 17959 17774.77 -1.025848% 92898533 92962036.33 0.068358%
5227 17970 17784.97 -1.029663% 92880563 92944251.36 0.068570%
5209 18029 17843.01 -1.031603% 92862534 92926408.34 0.068784%
5197 18067 17880.78 -1.030725% 92844467 92908527.56 0.068998%
5189 18090 17904.90 -1.023216% 92826377 92890622.66 0.069211%
5179 18121 17936.02 -1.020831% 92808256 92872686.65 0.069423%
5171 18147 17960.30 -1.028846% 92790109 92854726.35 0.069638%
5167 18157 17970.72 -1.025923% 92771952 92836755.63 0.069853%
5153 18203 18016.06 -1.026975% 92753749 92818739.57 0.070068%
5147 18220 18033.56 -1.023264% 92735529 92800706.01 0.070283%
5119 18315 18128.68 -1.017316% 92717214 92782577.33 0.070498%
5113 18333 18146.41 -1.017800% 92698881 92764430.92 0.070713%
5107 18350 18164.17 -1.012682% 92680531 92746266.75 0.070927%
5101 18368 18181.98 -1.012754% 92662163 92728084.77 0.071142%
5099 18372 18185.54 -1.014897% 92643791 92709899.23 0.071357%
5087 18411 18224.87 -1.010987% 92625380 92691674.36 0.071573%
5081 18428 18242.80 -1.004984% 92606952 92673431.56 0.071787%
5077 18439 18253.58 -1.005580% 92588513 92655177.98 0.072001%
5059 18497 18314.92 -0.984378% 92570016 92636863.06 0.072212%
5051 18524 18340.30 -0.991678% 92551492 92618522.76 0.072425%
5039 18565 18380.34 -0.994679% 92532927 92600142.42 0.072639%
5023 18619 18435.23 -0.987022% 92514308 92581707.20 0.072853%
5021 18623 18438.90 -0.988573% 92495685 92563268.30 0.073066%
5011 18658 18472.02 -0.996810% 92477027 92544796.28 0.073282%
5009 18662 18475.70 -0.998269% 92458365 92526320.58 0.073499%
5003 18681 18494.17 -1.000120% 92439684 92507826.41 0.073716%
4999 18694 18505.27 -1.009595% 92420990 92489321.15 0.073935%
4993 18712 18523.80 -1.005785% 92402278 92470797.35 0.074153%
4987 18729 18542.37 -0.996478% 92383549 92452254.98 0.074370%
4973 18776 18590.84 -0.986144% 92364773 92433664.14 0.074586%
4969 18787 18602.07 -0.984374% 92345986 92415062.07 0.074801%
4967 18790 18605.81 -0.980251% 92327196 92396456.26 0.075016%
4957 18825 18639.59 -0.984904% 92308371 92377816.67 0.075232%
4951 18845 18658.42 -0.990099% 92289526 92359158.25 0.075450%
4943 18871 18684.84 -0.986493% 92270655 92340473.41 0.075667%
4937 18891 18703.76 -0.991149% 92251764 92321769.65 0.075885%
4933 18903 18715.14 -0.993828% 92232861 92303054.52 0.076105%
4931 18907 18718.93 -0.994699% 92213954 92284335.58 0.076324%
4919 18949 18760.79 -0.993235% 92195005 92265574.79 0.076544%
4909 18983 18795.19 -0.989373% 92176022 92246779.60 0.076764%
4903 19002 18814.35 -0.987504% 92157020 92227965.25 0.076983%
4889 19052 18864.38 -0.984766% 92137968 92209100.87 0.077203%
4877 19093 18906.93 -0.974542% 92118875 92190193.94 0.077421%
4871 19113 18926.34 -0.976622% 92099762 92171267.60 0.077639%
4861 19150 18961.38 -0.984961% 92080612 92152306.22 0.077860%
4831 19265 19075.20 -0.985190% 92061347 92133231.02 0.078083%
4817 19316 19126.68 -0.980106% 92042031 92114104.33 0.078305%
4813 19330 19138.60 -0.990146% 92022701 92094965.73 0.078529%
4801 19376 19182.45 -0.998891% 92003325 92075783.27 0.078756%
4799 19380 19186.45 -0.998700% 91983945 92056596.82 0.078983%
4793 19400 19206.47 -0.997592% 91964545 92037390.35 0.079210%
4789 19413 19218.50 -1.001913% 91945132 92018171.86 0.079439%
4787 19416 19222.51 -0.996532% 91925716 91998949.34 0.079666%
4783 19429 19234.57 -1.000719% 91906287 91979714.77 0.079894%
4759 19520 19327.53 -0.986015% 91886767 91960387.24 0.080121%
4751 19550 19356.01 -0.992294% 91867217 91941031.23 0.080349%
4733 19620 19425.53 -0.991185% 91847597 91921605.71 0.080578%
4729 19633 19437.85 -0.993976% 91827964 91902167.85 0.080807%
4723 19654 19458.43 -0.995061% 91808310 91882709.42 0.081038%
4721 19659 19462.55 -0.999276% 91788651 91863246.87 0.081269%
4703 19732 19532.90 -1.009001% 91768919 91843713.97 0.081504%
4691 19780 19578.71 -1.017660% 91749139 91824135.26 0.081741%
4679 19828 19624.74 -1.025141% 91729311 91804510.52 0.081980%
4673 19848 19645.73 -1.019080% 91709463 91784864.79 0.082218%
4663 19889 19683.65 -1.032475% 91689574 91765181.14 0.082460%
4657 19912 19704.78 -1.040657% 91669662 91745476.36 0.082704%
4651 19934 19725.97 -1.043605% 91649728 91725750.39 0.082949%
4649 19940 19730.21 -1.052102% 91629788 91706020.18 0.083196%
4643 19961 19751.46 -1.049756% 91609827 91686268.72 0.083443%
4639 19975 19764.23 -1.055163% 91589852 91666504.49 0.083691%
4637 19979 19768.49 -1.053639% 91569873 91646735.99 0.083939%
4621 20043 19832.66 -1.049428% 91549830 91626903.33 0.084187%
4603 20116 19905.91 -1.044393% 91529714 91606997.42 0.084435%
4597 20138 19927.56 -1.044985% 91509576 91587069.86 0.084684%
4591 20159 19949.26 -1.040410% 91489417 91567120.60 0.084932%
4583 20192 19979.73 -1.051238% 91469225 91547140.86 0.085183%
4567 20262 20045.36 -1.069213% 91448963 91527095.51 0.085438%
4561 20284 20067.33 -1.068178% 91428679 91507028.18 0.085694%
4549 20334 20115.86 -1.072805% 91408345 91486912.32 0.085952%
4547 20340 20120.28 -1.080237% 91388005 91466792.04 0.086212%
4523 20442 20222.59 -1.073311% 91367563 91446569.45 0.086471%
4519 20456 20236.02 -1.075387% 91347107 91426333.43 0.086731%
4517 20462 20240.50 -1.082500% 91326645 91406092.93 0.086993%
4513 20478 20253.95 -1.094083% 91306167 91385838.97 0.087258%
4507 20502 20276.42 -1.100268% 91285665 91365562.55 0.087525%
4493 20563 20335.09 -1.108347% 91265102 91345227.46 0.087794%
4483 20606 20375.92 -1.116592% 91244496 91324851.55 0.088066%
4481 20612 20380.46 -1.123315% 91223884 91304471.08 0.088340%
4463 20692 20458.09 -1.130420% 91203192 91284012.99 0.088616%
4457 20715 20481.04 -1.129404% 91182477 91263531.95 0.088893%
4451 20737 20504.05 -1.123349% 91161740 91243027.89 0.089169%
4447 20752 20517.88 -1.128164% 91140988 91222510.01 0.089446%
4441 20775 20540.98 -1.126431% 91120213 91201969.03 0.089723%
4423 20850 20619.93 -1.103433% 91099363 91181349.09 0.089996%
4421 20852 20624.60 -1.090551% 91078511 91160724.49 0.090267%
4409 20901 20676.05 -1.076243% 91057610 91140048.44 0.090534%
4397 20953 20727.78 -1.074882% 91036657 91119320.66 0.090803%
4391 20973 20751.38 -1.056680% 91015684 91098569.28 0.091067%
4373 21055 20832.05 -1.058877% 90994629 91077737.22 0.091333%
4363 21100 20875.03 -1.066229% 90973529 91056862.20 0.091602%
4357 21123 20898.98 -1.060543% 90952406 91035963.22 0.091869%
4349 21156 20932.62 -1.055872% 90931250 91015030.60 0.092136%
4339 21199 20976.04 -1.051755% 90910051 90994054.56 0.092403%
4337 21205 20980.87 -1.056944% 90888846 90973073.68 0.092671%
4327 21248 21024.51 -1.051796% 90867598 90952049.17 0.092939%
4297 21388 21166.41 -1.036064% 90846210 90930882.76 0.093205%
4289 21421 21200.95 -1.027254% 90824789 90909681.81 0.093469%
4283 21449 21225.70 -1.041065% 90803340 90888456.11 0.093737%
4273 21491 21270.41 -1.026436% 90781849 90867185.70 0.094002%
4271 21496 21275.39 -1.026289% 90760353 90845910.31 0.094267%
4261 21541 21320.33 -1.024436% 90738812 90824589.99 0.094533%
4259 21545 21325.33 -1.019577% 90717267 90803264.65 0.094797%
4253 21572 21350.40 -1.027243% 90695695 90781914.25 0.095064%
4243 21618 21395.69 -1.028354% 90674077 90760518.56 0.095332%
4241 21624 21400.74 -1.032485% 90652453 90739117.82 0.095601%
4231 21668 21446.26 -1.023361% 90630785 90717671.57 0.095869%
4229 21672 21451.33 -1.018230% 90609113 90696220.24 0.096135%
4219 21720 21497.09 -1.026292% 90587393 90674723.15 0.096404%
4217 21724 21502.19 -1.021050% 90565669 90653220.96 0.096672%
4211 21752 21527.72 -1.031086% 90543917 90631693.24 0.096943%
4201 21797 21573.84 -1.023820% 90522120 90610119.40 0.097213%
4177 21921 21692.63 -1.041782% 90500199 90588426.77 0.097489%
4159 22010 21781.30 -1.039073% 90478189 90566645.47 0.097766%
4157 22015 21786.54 -1.037748% 90456174 90544858.93 0.098042%
4153 22032 21802.28 -1.042676% 90434142 90523056.66 0.098320%
4139 22103 21870.76 -1.050738% 90412039 90501185.90 0.098601%
4133 22130 21897.21 -1.051902% 90389909 90479288.69 0.098882%
4129 22146 21913.12 -1.051549% 90367763 90457375.56 0.099164%
4127 22153 21918.43 -1.058847% 90345610 90435457.13 0.099448%
4111 22233 21998.41 -1.055150% 90323377 90413458.72 0.099732%
4099 22293 22057.44 -1.056641% 90301084 90391401.28 0.100018%
4093 22322 22084.39 -1.064473% 90278762 90369316.89 0.100306%
4091 22328 22089.79 -1.066882% 90256434 90347227.10 0.100595%
4079 22388 22149.36 -1.065942% 90234046 90325077.75 0.100884%
4073 22413 22176.55 -1.054979% 90211633 90302901.20 0.101171%
4057 22497 22258.54 -1.059959% 90189136 90280642.66 0.101461%
4051 22521 22286.01 -1.043408% 90166615 90258356.64 0.101747%
4049 22525 22291.52 -1.036546% 90144090 90236065.13 0.102031%
4027 22639 22407.76 -1.021406% 90121451 90213657.36 0.102313%
4021 22663 22435.63 -1.003277% 90098788 90191221.73 0.102592%
4019 22667 22441.21 -0.996119% 90076121 90168780.52 0.102868%
4013 22695 22469.17 -0.995064% 90053426 90146311.35 0.103145%
4007 22721 22497.21 -0.984958% 90030705 90123814.15 0.103419%
4003 22739 22514.07 -0.989190% 90007966 90101300.08 0.103695%
4001 22743 22519.70 -0.981862% 89985223 90078780.38 0.103970%
3989 22804 22581.80 -0.974412% 89962419 90056198.59 0.104243%
3967 22922 22701.34 -0.962675% 89939497 90033497.25 0.104515%
3947 23030 22810.61 -0.952605% 89916467 90010686.64 0.104786%
3943 23048 22827.97 -0.954659% 89893419 89987858.67 0.105057%
3931 23109 22891.85 -0.939681% 89870310 89964966.82 0.105326%
3929 23114 22897.68 -0.935903% 89847196 89942069.14 0.105594%
3923 23145 22926.86 -0.942496% 89824051 89919142.28 0.105864%
3919 23160 22944.41 -0.930873% 89800891 89896197.87 0.106131%
3917 23166 22950.27 -0.931246% 89777725 89873247.61 0.106399%
3911 23192 22979.61 -0.915798% 89754533 89850268.00 0.106663%
3907 23210 22997.25 -0.916617% 89731323 89827270.74 0.106928%
3889 23313 23097.78 -0.923171% 89708010 89804172.96 0.107196%
3881 23355 23139.44 -0.922965% 89684655 89781033.52 0.107464%
3877 23374 23157.35 -0.926898% 89661281 89757876.18 0.107733%
3863 23452 23235.28 -0.924112% 89637829 89734640.90 0.108003%
3853 23506 23289.55 -0.920823% 89614323 89711351.35 0.108273%
3851 23512 23295.60 -0.920386% 89590811 89688055.75 0.108543%
3847 23531 23313.77 -0.923184% 89567280 89664741.98 0.108814%
3833 23611 23392.84 -0.923991% 89543669 89641349.15 0.109087%
3823 23664 23447.91 -0.913171% 89520005 89617901.24 0.109357%
3821 23671 23454.04 -0.916549% 89496334 89594447.19 0.109628%
3803 23774 23558.89 -0.904825% 89472560 89570888.31 0.109898%
3797 23806 23589.91 -0.907712% 89448754 89547298.40 0.110169%
3793 23825 23608.57 -0.908424% 89424929 89523689.83 0.110440%
3779 23907 23689.78 -0.908592% 89401022 89500000.05 0.110712%
3769 23962 23746.35 -0.899959% 89377060 89476253.70 0.110983%
3767 23967 23752.66 -0.894331% 89353093 89452501.04 0.111253%
3761 23997 23784.23 -0.886639% 89329096 89428716.81 0.111521%
3739 24130 23917.82 -0.879334% 89304966 89404798.99 0.111789%
3733 24158 23949.85 -0.861609% 89280808 89380849.14 0.112052%
3727 24189 23981.98 -0.855833% 89256619 89356867.15 0.112315%
3719 24235 24027.12 -0.857759% 89232384 89332840.03 0.112578%
3709 24290 24085.42 -0.842220% 89208094 89308754.61 0.112838%
3701 24336 24130.98 -0.842458% 89183758 89284623.63 0.113099%
3697 24351 24150.56 -0.823125% 89159407 89260473.07 0.113354%
3691 24383 24183.28 -0.819110% 89135024 89236289.79 0.113609%
3677 24464 24268.78 -0.798005% 89110560 89212021.02 0.113860%
3673 24481 24288.60 -0.785923% 89086079 89187732.42 0.114107%
3671 24489 24295.21 -0.791317% 89061590 89163437.20 0.114356%
3659 24562 24368.25 -0.788808% 89037028 89139068.95 0.114605%
3643 24659 24468.59 -0.772177% 89012369 89114600.36 0.114851%
3637 24691 24502.23 -0.764541% 88987678 89090098.13 0.115095%
3631 24721 24535.97 -0.748483% 88962957 89065562.17 0.115335%
3623 24767 24583.37 -0.741416% 88938190 89040978.79 0.115573%
3617 24798 24617.36 -0.728460% 88913392 89016361.44 0.115809%
3613 24818 24637.80 -0.726097% 88888574 88991723.64 0.116044%
3607 24854 24671.95 -0.732478% 88863720 88967051.69 0.116281%
3593 24946 24761.22 -0.740733% 88838774 88942290.47 0.116522%
3583 25002 24823.41 -0.714289% 88813772 88917467.06 0.116756%
3581 25010 24830.35 -0.718331% 88788762 88892636.71 0.116991%
3571 25072 24892.93 -0.714241% 88763690 88867743.79 0.117226%
3559 25146 24969.86 -0.700456% 88738544 88842773.92 0.117457%
3557 25153 24976.88 -0.700182% 88713391 88817797.04 0.117689%
3547 25215 25040.26 -0.693006% 88688176 88792756.78 0.117920%
3541 25249 25075.62 -0.686696% 88662927 88767681.17 0.118149%
3539 25257 25082.70 -0.690099% 88637670 88742598.46 0.118379%
3533 25290 25118.20 -0.679322% 88612380 88717480.27 0.118607%
3529 25308 25139.55 -0.665591% 88587072 88692340.71 0.118831%
3527 25313 25146.68 -0.657053% 88561759 88667194.03 0.119053%
3517 25375 25211.03 -0.646185% 88536384 88641983.00 0.119272%
3511 25408 25246.93 -0.633921% 88510976 88616736.07 0.119488%
3499 25485 25326.30 -0.622705% 88485491 88591409.77 0.119702%
3491 25536 25377.09 -0.622311% 88459955 88566032.68 0.119916%
3469 25687 25530.71 -0.608440% 88434268 88540501.97 0.120128%
3467 25694 25538.07 -0.606858% 88408574 88514963.89 0.120339%
3463 25713 25560.20 -0.594262% 88382861 88489403.70 0.120547%
3461 25718 25567.58 -0.584872% 88357143 88463836.11 0.120752%
3457 25737 25589.77 -0.572054% 88331406 88438246.34 0.120954%
3449 25784 25641.71 -0.551867% 88305622 88412604.64 0.121150%
3433 25898 25753.74 -0.557014% 88279724 88386850.89 0.121349%
3413 26037 25897.11 -0.537258% 88253687 88360953.78 0.121544%
3407 26072 25935.12 -0.525008% 88227615 88335018.66 0.121735%
3391 26183 26049.84 -0.508562% 88201432 88308968.82 0.121922%
3389 26192 26057.53 -0.513401% 88175240 88282911.29 0.122111%
3373 26303 26173.41 -0.492682% 88148937 88256737.88 0.122294%
3371 26309 26181.17 -0.485864% 88122628 88230556.70 0.122476%
3361 26379 26251.28 -0.484168% 88096249 88204305.42 0.122657%
3359 26386 26259.10 -0.480950% 88069863 88178046.32 0.122838%
3347 26470 26345.40 -0.470730% 88043393 88151700.93 0.123017%
3343 26492 26369.04 -0.464140% 88016901 88125331.89 0.123193%
3331 26581 26456.12 -0.469814% 87990320 88098875.77 0.123372%
3329 26587 26464.07 -0.462384% 87963733 88072411.70 0.123549%
3323 26624 26503.89 -0.451151% 87937109 88045907.82 0.123723%
3319 26648 26527.84 -0.450908% 87910461 88019379.97 0.123898%
3313 26688 26567.88 -0.450097% 87883773 87992812.10 0.124072%
3307 26724 26608.05 -0.433890% 87857049 87966204.05 0.124242%
3301 26765 26648.35 -0.435830% 87830284 87939555.70 0.124412%
3299 26773 26656.43 -0.435409% 87803511 87912899.27 0.124583%
3271 26992 26876.46 -0.428054% 87776519 87886022.81 0.124753%
3259 27082 26967.17 -0.423991% 87749437 87859055.64 0.124922%
3257 27091 26975.45 -0.426508% 87722346 87832080.18 0.125093%
3253 27114 27000.33 -0.419222% 87695232 87805079.85 0.125261%
3251 27122 27008.64 -0.417973% 87668110 87778071.21 0.125429%
3229 27303 27184.29 -0.434789% 87640807 87750886.92 0.125604%
3221 27361 27243.37 -0.429927% 87613446 87723643.55 0.125777%
3217 27387 27268.77 -0.431689% 87586059 87696374.78 0.125951%
3209 27445 27328.26 -0.425373% 87558614 87669046.53 0.126124%
3203 27489 27370.92 -0.429565% 87531125 87641675.61 0.126299%
3191 27586 27465.27 -0.437651% 87503539 87614210.34 0.126476%
3187 27610 27491.12 -0.430556% 87475929 87586719.22 0.126652%
3181 27650 27534.33 -0.418319% 87448279 87559184.88 0.126825%
3169 27747 27629.91 -0.421991% 87420532 87531554.97 0.126999%
3167 27757 27638.63 -0.426435% 87392775 87503916.34 0.127175%
3163 27782 27664.85 -0.421681% 87364993 87476251.49 0.127349%
3137 27996 27885.32 -0.395339% 87336997 87448366.17 0.127517%
3121 28133 28019.34 -0.404003% 87308864 87420346.82 0.127688%
3119 28141 28028.33 -0.400393% 87280723 87392318.50 0.127858%
3109 28222 28109.46 -0.398759% 87252501 87364209.04 0.128028%
3089 28395 28282.36 -0.396691% 87224106 87335926.68 0.128199%
3083 28443 28328.23 -0.403516% 87195663 87307598.45 0.128373%
3079 28467 28355.83 -0.390525% 87167196 87279242.62 0.128542%
3067 28567 28457.53 -0.383207% 87138629 87250785.09 0.128710%
3061 28612 28504.01 -0.377417% 87110017 87222281.08 0.128876%
3049 28714 28606.85 -0.373168% 87081303 87193674.23 0.129042%
3041 28781 28672.70 -0.376297% 87052522 87165001.53 0.129209%
3037 28808 28701.02 -0.371351% 87023714 87136300.51 0.129375%
3023 28929 28824.45 -0.361416% 86994785 87107476.06 0.129538%
3019 28957 28853.09 -0.358845% 86965828 87078622.97 0.129700%
3011 29023 28920.17 -0.354315% 86936805 87049702.81 0.129862%
3001 29105 29006.90 -0.337060% 86907700 87020695.91 0.130018%
2999 29115 29016.57 -0.338070% 86878585 86991679.34 0.130175%
2971 29379 29280.27 -0.336060% 86849206 86962399.07 0.130333%
2969 29388 29290.13 -0.333024% 86819818 86933108.94 0.130490%
2963 29433 29339.56 -0.317475% 86790385 86903769.38 0.130642%
2957 29485 29389.17 -0.325020% 86760900 86874380.21 0.130796%
2953 29513 29419.02 -0.318420% 86731387 86844961.19 0.130949%
2939 29640 29549.15 -0.306501% 86701747 86815412.03 0.131099%
2927 29749 29660.20 -0.298490% 86671998 86785751.83 0.131246%
2917 29842 29751.71 -0.302544% 86642156 86756000.12 0.131396%
2909 29912 29823.31 -0.296513% 86612244 86726176.81 0.131544%
2903 29963 29874.67 -0.294786% 86582281 86696302.14 0.131691%
2897 30013 29926.23 -0.289092% 86552268 86666375.90 0.131837%
2887 30109 30019.53 -0.297162% 86522159 86636356.37 0.131986%
2879 30179 30092.52 -0.286567% 86491980 86606263.86 0.132132%
2861 30346 30271.33 -0.246075% 86461634 86575992.53 0.132265%
2857 30373 30303.11 -0.230097% 86431261 86545689.42 0.132392%
2851 30425 30356.26 -0.225942% 86400836 86515333.16 0.132519%
2843 30495 30431.00 -0.209870% 86370341 86484902.16 0.132639%
2837 30548 30484.63 -0.207436% 86339793 86454417.53 0.132760%
2833 30574 30516.91 -0.186714% 86309219 86423900.62 0.132873%
2819 30711 30657.64 -0.173733% 86278508 86393242.97 0.132982%
2803 30876 30821.71 -0.175844% 86247632 86362421.26 0.133093%
2801 30887 30832.71 -0.175769% 86216745 86331588.55 0.133203%
2797 30918 30865.78 -0.168896% 86185827 86300722.77 0.133312%
2791 30974 30921.08 -0.170866% 86154853 86269801.70 0.133421%
2789 30983 30932.16 -0.164081% 86123870 86238869.53 0.133528%
2777 31110 31054.69 -0.177794% 86092760 86207814.85 0.133641%
2767 31205 31155.70 -0.157996% 86061555 86176659.15 0.133746%
2753 31343 31302.82 -0.128199% 86030212 86145356.33 0.133842%
2749 31378 31336.98 -0.130730% 85998834 86114019.35 0.133938%
2741 31455 31417.01 -0.120782% 85967379 86082602.34 0.134031%
2731 31555 31520.54 -0.109197% 85935824 86051081.80 0.134121%
2729 31564 31532.09 -0.101087% 85904260 86019549.71 0.134207%
2719 31664 31636.47 -0.086958% 85872596 85987913.24 0.134289%
2713 31718 31694.77 -0.073237% 85840878 85956218.47 0.134365%
2711 31730 31706.46 -0.074182% 85809148 85924512.01 0.134443%
2707 31767 31741.60 -0.079956% 85777381 85892770.41 0.134522%
2699 31846 31823.92 -0.069322% 85745535 85860946.48 0.134598%
2693 31902 31883.01 -0.059525% 85713633 85829063.47 0.134670%
2689 31936 31918.58 -0.054544% 85681697 85797144.89 0.134740%
2687 31945 31930.46 -0.045517% 85649752 85765214.43 0.134808%
2683 31979 31966.16 -0.040143% 85617773 85733248.27 0.134873%
2677 32037 32025.87 -0.034748% 85585736 85701222.40 0.134937%
2671 32092 32085.82 -0.019260% 85553644 85669136.58 0.134994%
2663 32176 32170.16 -0.018150% 85521468 85636966.42 0.135052%
2659 32213 32206.46 -0.020315% 85489255 85604759.97 0.135111%
2657 32220 32218.58 -0.004415% 85457035 85572541.39 0.135163%
2647 32322 32328.12 0.018944% 85424713 85540213.27 0.135207%
2633 32468 32487.74 0.060791% 85392245 85507725.53 0.135235%
2621 32599 32624.08 0.076949% 85359646 85475101.45 0.135258%
2617 32629 32661.48 0.099553% 85327017 85442439.96 0.135271%
2609 32719 32749.11 0.092040% 85294298 85409690.85 0.135288%
2593 32894 32938.56 0.135471% 85261404 85376752.29 0.135288%
2591 32908 32951.27 0.131502% 85228496 85343801.01 0.135289%
2579 33045 33091.82 0.141682% 85195451 85310709.19 0.135287%
2557 33315 33363.59 0.145861% 85162136 85277345.60 0.135283%
2551 33374 33428.99 0.164760% 85128762 85243916.61 0.135271%
2549 33384 33442.10 0.174040% 85095378 85210474.51 0.135256%
2543 33443 33507.85 0.193926% 85061935 85176966.66 0.135233%
2539 33481 33547.45 0.198460% 85028454 85143419.21 0.135208%
2531 33568 33640.23 0.215172% 84994886 85109778.98 0.135176%
2521 33683 33760.32 0.229566% 84961203 85076018.66 0.135139%
2503 33906 33989.62 0.246623% 84927297 85042029.04 0.135094%
2477 34244 34332.67 0.258942% 84893053 85007696.36 0.135044%
2473 34283 34374.32 0.266375% 84858770 84973322.04 0.134991%
2467 34352 34443.99 0.267785% 84824418 84938878.05 0.134938%
2459 34445 34542.04 0.281726% 84789973 84904336.01 0.134878%
2447 34596 34697.32 0.292859% 84755377 84869638.70 0.134814%
2441 34660 34768.39 0.312722% 84720717 84834870.31 0.134741%
2437 34705 34811.19 0.305979% 84686012 84800059.12 0.134671%
2423 34893 34997.96 0.300808% 84651119 84765061.15 0.134602%
2417 34962 35070.36 0.309938% 84616157 84729990.79 0.134530%
2411 35031 35143.09 0.319975% 84581126 84694847.70 0.134453%
2399 35190 35304.23 0.324609% 84545936 84659543.47 0.134374%
2393 35265 35378.00 0.320419% 84510671 84624165.48 0.134296%
2389 35307 35422.42 0.326909% 84475364 84588743.06 0.134216%
2383 35376 35496.74 0.341319% 84439988 84553246.31 0.134129%
2381 35390 35511.65 0.343750% 84404598 84517734.66 0.134041%
2377 35433 35556.47 0.348467% 84369165 84482178.19 0.133951%
2371 35506 35631.45 0.353333% 84333659 84446546.73 0.133858%
2357 35700 35827.98 0.358485% 84297959 84410718.75 0.133763%
2351 35775 35904.18 0.361080% 84262184 84374814.58 0.133667%
2347 35817 35950.07 0.371528% 84226367 84338864.51 0.133566%
2341 35888 36026.85 0.386908% 84190479 84302837.65 0.133458%
2339 35904 36042.26 0.385072% 84154575 84266795.40 0.133350%
2333 35977 36119.50 0.396089% 84118598 84230675.90 0.133238%
2311 36296 36447.72 0.418002% 84082302 84194228.18 0.133115%
2309 36309 36463.50 0.425522% 84045993 84157764.67 0.132989%
2297 36470 36638.12 0.460985% 84009523 84121126.55 0.132846%
2293 36518 36686.06 0.460201% 83973005 84084440.50 0.132704%
2287 36597 36766.26 0.462502% 83936408 84047674.24 0.132560%
2281 36679 36846.85 0.457630% 83899729 84010827.38 0.132418%
2273 36788 36960.33 0.468438% 83862941 83973867.05 0.132271%
2269 36832 37009.20 0.481094% 83826109 83936857.86 0.132117%
2267 36840 37025.52 0.503588% 83789269 83899832.33 0.131954%
2251 37087 37272.25 0.499498% 83752182 83862560.09 0.131791%
2243 37197 37388.57 0.515012% 83714985 83825171.52 0.131621%
2239 37240 37438.67 0.533473% 83677745 83787732.85 0.131442%
2237 37258 37455.40 0.529823% 83640487 83750277.45 0.131265%
2221 37506 37708.36 0.539552% 83602981 83712569.09 0.131082%
2213 37618 37827.64 0.557289% 83565363 83674741.44 0.130890%
2207 37695 37913.34 0.579228% 83527668 83636828.10 0.130687%
2203 37741 37964.97 0.593439% 83489927 83598863.13 0.130478%
2179 38131 38365.70 0.615513% 83451796 83560497.43 0.130257%
2161 38422 38667.51 0.638993% 83413374 83521829.92 0.130022%
2153 38542 38793.23 0.651841% 83374832 83483036.69 0.129781%
2143 38696 38956.15 0.672300% 83336136 83444080.53 0.129529%
2141 38712 38974.35 0.677693% 83297424 83405106.18 0.129274%
2137 38760 39029.06 0.694175% 83258664 83366077.12 0.129011%
2131 38848 39120.64 0.701804% 83219816 83326956.49 0.128744%
2129 38861 39139.01 0.715401% 83180955 83287817.47 0.128470%
2113 39123 39416.86 0.751109% 83141832 83248400.62 0.128177%
2111 39136 39435.53 0.765353% 83102696 83208965.09 0.127877%
2099 39338 39642.19 0.773283% 83063358 83169322.90 0.127571%
2089 39507 39812.98 0.774505% 83023851 83129509.91 0.127263%
2087 39524 39832.06 0.779426% 82984327 83089677.85 0.126953%
2083 39578 39889.43 0.786871% 82944749 83049788.42 0.126638%
2081 39593 39908.60 0.797101% 82905156 83009879.83 0.126318%
2069 39793 40120.77 0.823696% 82865363 82969759.05 0.125983%
2063 39884 40218.01 0.837459% 82825479 82929541.04 0.125640%
2053 40051 40394.32 0.857210% 82785428 82889146.72 0.125286%
2039 40293 40651.86 0.890631% 82745135 82848494.86 0.124914%
2029 40466 40832.18 0.904910% 82704669 82807662.68 0.124532%
2027 40474 40852.32 0.934736% 82664195 82766810.35 0.124135%
2017 40643 41034.61 0.963539% 82623552 82725775.74 0.123722%
2011 40738 41136.64 0.978537% 82582814 82684639.11 0.123301%
2003 40876 41280.40 0.989331% 82541938 82643358.71 0.122872%
1999 40935 41342.35 0.995115% 82501003 82602016.36 0.122439%
1997 40950 41363.05 1.008676% 82460053 82560653.30 0.121999%
1993 41006 41425.32 1.022570% 82419047 82519227.99 0.121551%
1987 41107 41529.56 1.027942% 82377940 82477698.43 0.121098%
1979 41253 41676.45 1.026476% 82336687 82436021.98 0.120645%
1973 41350 41782.07 1.044907% 82295337 82394239.91 0.120180%
1951 41784 42231.80 1.071700% 82253553 82352008.11 0.119697%
1949 41803 42253.47 1.077596% 82211750 82309754.64 0.119210%
1933 42129 42581.35 1.073732% 82169621 82267173.29 0.118721%
1931 42146 42603.40 1.085285% 82127475 82224569.89 0.118225%
1913 42515 42982.00 1.098441% 82084960 82181587.89 0.117717%
1907 42618 43094.70 1.118535% 82042342 82138493.19 0.117197%
1901 42733 43208.04 1.111658% 81999609 82095285.14 0.116679%
1889 42971 43459.65 1.137170% 81956638 82051825.49 0.116144%
1879 43168 43667.82 1.157838% 81913470 82008157.67 0.115595%
1877 43183 43691.08 1.176575% 81870287 81964466.59 0.115035%
1873 43249 43761.06 1.183983% 81827038 81920705.53 0.114470%
1871 43269 43784.45 1.191268% 81783769 81876921.08 0.113900%
1867 43334 43854.81 1.201839% 81740435 81833066.28 0.113324%
1861 43450 43972.63 1.202833% 81696985 81789093.65 0.112744%
1847 43741 44282.13 1.237122% 81653244 81744811.52 0.112142%
1831 44089 44644.90 1.260858% 81609155 81700166.62 0.111521%
1823 44251 44816.33 1.277549% 81564904 81655350.29 0.110889%
1811 44506 45088.54 1.308908% 81520398 81610261.75 0.110235%
1801 44724 45313.86 1.318889% 81475674 81564947.89 0.109571%
1789 44996 45592.48 1.325630% 81430678 81519355.41 0.108899%
1787 45012 45617.99 1.346294% 81385666 81473737.41 0.108215%
1783 45077 45694.75 1.370431% 81340589 81428042.66 0.107515%
1777 45195 45823.32 1.390246% 81295394 81382219.34 0.106802%
1759 45616 46266.18 1.425344% 81249778 81335953.16 0.106062%
1753 45736 46398.15 1.447761% 81204042 81289555.01 0.105306%
1747 45862 46530.94 1.458597% 81158180 81243024.07 0.104542%
1741 45985 46664.57 1.477818% 81112195 81196359.49 0.103763%
1733 46167 46853.06 1.486048% 81066028 81149506.43 0.102976%
1723 46391 47097.80 1.523568% 81019637 81102408.63 0.102162%
1721 46411 47125.16 1.538783% 80973226 81055283.47 0.101339%
1709 46708 47428.49 1.542533% 80926518 81007854.98 0.100507%
1699 46937 47679.73 1.582390% 80879581 80960175.25 0.099647%
1697 46961 47707.82 1.590304% 80832620 80912467.43 0.098781%
1693 47037 47792.36 1.605887% 80785583 80864675.07 0.097904%
1669 47668 48450.97 1.642556% 80737915 80816224.10 0.096992%
1667 47689 48480.04 1.658744% 80690226 80767744.06 0.096069%
1663 47763 48567.49 1.684348% 80642463 80719176.56 0.095128%
1657 47899 48714.05 1.701596% 80594564 80670462.52 0.094173%
1637 48450 49279.45 1.711975% 80546114 80621183.06 0.093200%
1627 48703 49552.05 1.743319% 80497411 80571631.02 0.092202%
1621 48851 49704.89 1.747953% 80448560 80521926.12 0.091196%
1619 48874 49735.59 1.762888% 80399686 80472190.53 0.090180%
1613 49011 49889.76 1.792995% 80350675 80422300.76 0.089141%
1609 49095 49982.78 1.808300% 80301580 80372317.98 0.088090%
1607 49114 50013.89 1.832243% 80252466 80322304.09 0.087023%
1601 49261 50170.08 1.845443% 80203205 80272134.01 0.085943%
1597 49352 50264.33 1.848617% 80153853 80221869.68 0.084858%
1583 49748 50677.11 1.867639% 80104105 80171192.57 0.083750%
1579 49828 50773.40 1.897319% 80054277 80120419.17 0.082622%
1571 50041 50999.63 1.915690% 80004236 80069419.54 0.081475%
1567 50134 51097.27 1.921387% 79954102 80018322.27 0.080321%
1559 50342 51326.70 1.956017% 79903760 79966995.57 0.079140%
1553 50494 51491.95 1.976370% 79853266 79915503.62 0.077940%
1549 50578 51591.67 2.004180% 79802688 79863911.95 0.076719%
1543 50737 51758.85 2.014022% 79751951 79812153.10 0.075487%
1531 51086 52130.73 2.045049% 79700865 79760022.36 0.074224%
1523 51321 52370.34 2.044653% 79649544 79707652.03 0.072955%
1511 51677 52751.59 2.079435% 79597867 79654900.44 0.071652%
1499 52037 53138.69 2.117133% 79545830 79601761.74 0.070314%
1493 52203 53316.65 2.133311% 79493627 79548445.09 0.068959%
1489 52297 53424.07 2.155139% 79441330 79495021.02 0.067586%
1487 52318 53460.00 2.182806% 79389012 79441561.02 0.066192%
1483 52417 53568.15 2.196132% 79336595 79387992.87 0.064785%
1481 52444 53604.32 2.212487% 79284151 79334388.55 0.063364%
1471 52753 53932.28 2.235481% 79231398 79280456.27 0.061918%
1459 53119 54338.90 2.296543% 79178279 79226117.37 0.060419%
1453 53300 54525.89 2.299980% 79124979 79171591.48 0.058910%
1451 53319 54563.47 2.334004% 79071660 79117028.01 0.057376%
1447 53418 54676.59 2.356119% 79018242 79062351.42 0.055822%
1439 53668 54942.57 2.374907% 78964574 79007408.86 0.054246%
1433 53824 55134.27 2.434360% 78910750 78952274.59 0.052622%
1429 53925 55250.02 2.457148% 78856825 78897024.57 0.050978%
1427 53953 55288.73 2.475738% 78802872 78841735.83 0.049318%
1423 54051 55405.30 2.505589% 78748821 78786330.54 0.047632%
1409 54539 55916.49 2.525692% 78694282 78730414.05 0.045914%
1399 54879 56276.21 2.545978% 78639403 78674137.84 0.044170%
1381 55559 56968.96 2.537776% 78583844 78617168.88 0.042407%
1373 55827 57259.41 2.565800% 78528017 78559909.47 0.040613%
1367 56018 57468.84 2.589960% 78471999 78502440.63 0.038793%
1361 56204 57679.97 2.626096% 78415795 78444760.66 0.036939%
1327 57579 59114.36 2.666534% 78358216 78385646.29 0.035006%
1321 57783 59338.11 2.691297% 78300433 78326308.18 0.033046%
1319 57814 59383.10 2.714048% 78242619 78266925.08 0.031065%
1307 58270 59882.88 2.767944% 78184349 78207042.20 0.029025%
1303 58388 60020.75 2.796386% 78125961 78147021.45 0.026957%
1301 58421 60066.89 2.817289% 78067540 78086954.56 0.024869%
1297 58529 60205.82 2.864947% 78009011 78026748.73 0.022738%
1291 58740 60439.00 2.892407% 77950271 77966309.73 0.020576%
1289 58774 60485.89 2.912662% 77891497 77905823.85 0.018393%
1283 59003 60721.61 2.912748% 77832494 77845102.24 0.016199%
1279 59122 60864.04 2.946511% 77773372 77784238.20 0.013972%
1277 59151 60911.70 2.976616% 77714221 77723326.50 0.011717%
1259 59918 61734.18 3.031101% 77654303 77661592.33 0.009387%
1249 60330 62179.02 3.064839% 77593973 77599413.31 0.007011%
1237 60856 62731.94 3.082593% 77533117 77536681.37 0.004597%
1231 61084 62986.74 3.114962% 77472033 77473694.63 0.002145%
1229 61119 63037.99 3.139767% 77410914 77410656.63 -0.000332%
1223 61345 63295.71 3.179905% 77349569 77347360.92 -0.002855%
1217 61580 63555.76 3.208446% 77287989 77283805.16 -0.005413%
1213 61715 63712.95 3.237377% 77226274 77220092.21 -0.008005%
1201 62254 64296.50 3.280908% 77164020 77155795.71 -0.010658%
1193 62611 64673.76 3.294565% 77101409 77091121.95 -0.013342%
1187 62852 64946.19 3.331931% 77038557 77026175.77 -0.016071%
1181 63095 65221.15 3.369757% 76975462 76960954.62 -0.018847%
1171 63557 65722.42 3.407053% 76911905 76895232.20 -0.021678%
1163 63925 66118.00 3.430580% 76847980 76829114.20 -0.024550%
1153 64396 66634.10 3.475522% 76783584 76762480.10 -0.027485%
1151 64427 66691.99 3.515591% 76719157 76695788.11 -0.030460%
1129 65592 67932.50 3.568265% 76653565 76627855.62 -0.033540%
1123 65857 68234.96 3.610787% 76587708 76559620.66 -0.036673%
1117 66127 68540.39 3.649636% 76521581 76491080.27 -0.039859%
1109 66519 68973.02 3.689203% 76455062 76422107.25 -0.043103%
1103 66807 69285.68 3.710213% 76388255 76352821.56 -0.046386%
1097 67085 69601.48 3.751179% 76321170 76283220.09 -0.049724%
1093 67250 69792.52 3.780693% 76253920 76213427.57 -0.053102%
1091 67288 69856.49 3.817155% 76186632 76143571.08 -0.056520%
1087 67441 70049.28 3.867504% 76119191 76073521.80 -0.059997%
1069 68503 71163.26 3.883417% 76050688 76002358.54 -0.063549%
1063 68787 71497.99 3.941131% 75981901 75930860.56 -0.067174%
1061 68825 71565.37 3.981653% 75913076 75859295.18 -0.070845%
1051 69383 72178.21 4.028662% 75843693 75787116.98 -0.074596%
1049 69434 72247.01 4.051349% 75774259 75714869.96 -0.078376%
1039 70009 72872.83 4.090659% 75704250 75641997.13 -0.082232%
1033 70316 73225.55 4.137826% 75633934 75568771.58 -0.086155%
1031 70364 73296.58 4.167725% 75563570 75495475.00 -0.090116%
1021 70948 73942.68 4.220949% 75492622 75421532.32 -0.094168%
1019 70991 74015.24 4.260037% 75421631 75347517.08 -0.098266%
1013 71295 74380.57 4.327891% 75350336 75273136.51 -0.102454%
1009 71486 74601.72 4.358505% 75278850 75198534.79 -0.106690%
997 72237 75424.81 4.412987% 75206613 75123109.98 -0.111031%
991 72570 75805.36 4.458259% 75134043 75047304.62 -0.115445%
983 73063 76345.17 4.492250% 75060980 74970959.45 -0.119930%
977 73406 76735.88 4.536257% 74987574 74894223.57 -0.124488%
971 73755 77131.02 4.577348% 74913819 74817092.54 -0.129117%
967 73955 77370.31 4.618096% 74839864 74739722.23 -0.133808%
953 74926 78425.73 4.670917% 74764938 74661296.50 -0.138623%
947 75286 78839.81 4.720408% 74689652 74582456.69 -0.143521%
941 75644 79258.72 4.778596% 74614008 74503197.97 -0.148511%
937 75853 79512.48 4.824443% 74538155 74423685.49 -0.153572%
929 76382 80111.61 4.882839% 74461773 74343573.88 -0.158738%
919 77085 80896.16 4.944105% 74384688 74262677.71 -0.164026%
911 77648 81517.76 4.983719% 74307040 74181159.96 -0.169405%
907 77859 81787.39 5.045514% 74229181 74099372.57 -0.174875%
887 79498 83539.32 5.083543% 74149683 74015833.25 -0.180513%
883 79735 83823.14 5.127160% 74069948 73932010.11 -0.186227%
881 79774 83918.29 5.195034% 73990174 73848091.83 -0.192028%
877 80008 84205.35 5.246163% 73910166 73763886.48 -0.197915%
863 81160 85473.80 5.315176% 73829006 73678412.68 -0.203976%
859 81398 85772.31 5.373975% 73747608 73592640.37 -0.210132%
857 81454 85872.39 5.424402% 73666154 73506767.98 -0.216363%
853 81700 86174.41 5.476629% 73584454 73420593.57 -0.222683%
839 82915 87509.65 5.541394% 73501539 73333083.93 -0.229186%
829 83755 88459.69 5.617206% 73417784 73244624.24 -0.235855%
827 83822 88566.66 5.660394% 73333962 73156057.58 -0.242595%
823 84077 88889.50 5.723918% 73249885 73067168.08 -0.249443%
821 84134 88997.77 5.780979% 73165751 72978170.31 -0.256378%
811 85014 89985.41 5.847759% 73080737 72888184.90 -0.263479%
809 85075 90096.64 5.902608% 72995662 72798088.26 -0.270665%
797 86191 91340.14 5.974099% 72909471 72706748.12 -0.278047%
787 87117 92384.69 6.046680% 72822354 72614363.43 -0.285614%
773 88523 93938.37 6.117477% 72733831 72520425.06 -0.293407%
769 88808 94304.84 6.189582% 72645023 72426120.22 -0.301332%
761 89575 95172.30 6.248730% 72555448 72330947.92 -0.309419%
757 89869 95549.47 6.320832% 72465579 72235398.45 -0.317641%
751 90404 96185.62 6.395311% 72375175 72139212.83 -0.326026%
743 91200 97091.81 6.460315% 72283975 72042121.02 -0.334589%
739 91506 97485.96 6.535042% 72192469 71944635.07 -0.343296%
733 92072 98150.93 6.602371% 72100397 71846484.13 -0.352166%
727 92641 98825.98 6.676283% 72007756 71747658.16 -0.361208%
719 93475 99788.12 6.753806% 71914281 71647870.04 -0.370456%
709 94574 101054.82 6.852648% 71819707 71546815.21 -0.379968%
701 95449 102063.93 6.930330% 71724258 71444751.28 -0.389696%
691 96630 103393.27 6.999144% 71627628 71341358.01 -0.399664%
683 97541 104452.94 7.086189% 71530087 71236905.07 -0.409872%
677 98193 105224.38 7.160775% 71431894 71131680.69 -0.420279%
673 98529 105693.43 7.271396% 71333365 71025987.26 -0.430903%
661 100094 107452.33 7.351415% 71233271 70918534.93 -0.441839%
659 100175 107615.38 7.427381% 71133096 70810919.55 -0.452921%
653 100848 108439.39 7.527553% 71032248 70702480.17 -0.464251%
647 101536 109277.40 7.624294% 70930712 70593202.76 -0.475829%
643 101944 109787.25 7.693686% 70828768 70483415.51 -0.487588%
641 102032 109958.53 7.768667% 70726736 70373456.98 -0.499499%
631 103359 111526.87 7.902431% 70623377 70261930.11 -0.511795%
619 105105 113508.77 7.995597% 70518272 70148421.34 -0.524475%
617 105194 113692.74 8.079112% 70413078 70034728.60 -0.537328%
613 105604 114249.15 8.186384% 70307474 69920479.45 -0.550432%
607 106380 115190.25 8.281863% 70201094 69805289.20 -0.563816%
601 107133 116148.57 8.415304% 70093961 69689140.63 -0.577540%
599 107235 116342.47 8.493003% 69986726 69572798.16 -0.591438%
593 108029 117323.44 8.603650% 69878697 69455474.72 -0.605653%
587 108838 118322.78 8.714589% 69769859 69337151.94 -0.620192%
577 110438 120168.37 8.810712% 69659421 69216983.57 -0.635144%
571 111287 121220.64 8.926143% 69548134 69095762.93 -0.650443%
569 111354 121433.68 9.051923% 69436780 68974329.25 -0.666003%
563 112223 122512.13 9.168468% 69324557 68851817.12 -0.681923%
557 113113 123611.88 9.281762% 69211444 68728205.24 -0.698206%
547 114846 125645.71 9.403648% 69096598 68602559.53 -0.714997%
541 115779 126806.95 9.525000% 68980819 68475752.58 -0.732184%
523 119384 130928.78 9.670292% 68861435 68344823.80 -0.750218%
521 119483 131180.08 9.789748% 68741952 68213643.71 -0.768538%
509 121894 134015.02 9.943900% 68620058 68079628.70 -0.787568%
503 122951 135347.17 10.082207% 68497107 67944281.52 -0.807079%
499 123542 136160.88 10.214247% 68373565 67808120.64 -0.826993%
491 125144 138102.08 10.354535% 68248421 67670018.56 -0.847496%
487 125736 138952.81 10.511556% 68122685 67531065.75 -0.868461%
479 127407 140983.44 10.655958% 67995278 67390082.31 -0.890055%
467 130229 144304.24 10.808073% 67865049 67245778.07 -0.912503%
463 130885 145239.26 10.967079% 67734164 67100538.81 -0.935459%
461 130977 145554.31 11.129675% 67603187 66954984.49 -0.958834%
457 131636 146509.81 11.299198% 67471551 66808474.68 -0.982749%
449 133505 148793.93 11.451953% 67338046 66659680.75 -1.007403%
443 134807 150473.32 11.621296% 67203239 66509207.43 -1.032735%
439 135534 151501.61 11.781259% 67067705 66357705.82 -1.058631%
433 136909 153251.05 11.936434% 66930796 66204454.76 -1.085212%
431 137013 153606.62 12.110985% 66793783 66050848.14 -1.112281%
421 139728 156890.38 12.282703% 66654055 65893957.76 -1.140362%
419 139853 157264.82 12.450084% 66514202 65736692.95 -1.168937%
409 142724 160725.41 12.612743% 66371478 65575967.54 -1.198573%
401 144986 163531.09 12.790953% 66226492 65412436.45 -1.229199%
397 145871 164766.84 12.953803% 66080621 65247669.60 -1.260508%
389 148275 167731.80 13.122103% 65932346 65079937.81 -1.292853%
383 149980 169921.51 13.296112% 65782366 64910016.30 -1.326115%
379 150947 171266.53 13.461370% 65631419 64738749.76 -1.360125%
373 152718 173562.33 13.648903% 65478701 64565187.43 -1.395131%
367 154572 175926.94 13.815530% 65324129 64389260.49 -1.431123%
359 157341 179357.27 13.992711% 65166788 64209903.22 -1.468363%
353 159307 181897.74 14.180634% 65007481 64028005.48 -1.506712%
349 160429 183461.33 14.356715% 64847052 63844544.14 -1.545957%
347 160610 183990.04 14.557027% 64686442 63660554.10 -1.585940%
337 164674 188903.72 14.713750% 64521768 63471650.38 -1.627540%
331 166906 191757.25 14.889370% 64354862 63279893.13 -1.670377%
317 173544 199621.11 15.026226% 64181318 63080272.01 -1.715524%
313 174925 201534.42 15.211900% 64006393 62878737.60 -1.761786%
311 175174 202182.44 15.418062% 63831219 62676555.16 -1.808933%
307 176609 204158.16 15.598956% 63654610 62472397.00 -1.857231%
293 184243 213216.37 15.725630% 63470367 62259180.63 -1.908271%
283 189895 219997.10 15.851973% 63280472 62039183.53 -1.961566%
281 190226 220780.01 16.061954% 63090246 61818403.51 -2.015910%
277 191990 223171.13 16.241019% 62898256 61595232.38 -2.071637%
271 195247 227288.68 16.410844% 62703009 61367943.70 -2.129189%
269 195647 228133.62 16.604711% 62507362 61139810.08 -2.187825%
263 199100 232470.76 16.760804% 62308262 60907339.32 -2.248374%
257 202708 236993.54 16.913757% 62105554 60670345.78 -2.310918%
251 206481 241714.53 17.063810% 61899073 60428631.26 -2.375547%
241 214056 250741.21 17.138136% 61685017 60177890.05 -2.443263%
239 214596 251790.33 17.332259% 61470421 59926099.71 -2.512300%
233 218951 257193.56 17.466265% 61251470 59668906.15 -2.583716%
229 221540 260562.91 17.614385% 61029930 59408343.24 -2.657035%
227 222147 261710.76 17.809722% 60807783 59146632.48 -2.731806%
223 224853 265231.54 17.957748% 60582930 58881400.95 -2.808595%
211 236662 279058.77 17.914482% 60346268 58602342.17 -2.889865%
199 249909 294484.13 17.836545% 60096359 58307858.04 -2.976055%
197 250837 295978.97 17.996538% 59845522 58011879.07 -3.063960%
193 254516 300579.68 18.098542% 59591006 57711299.38 -3.154346%
191 255511 302153.40 18.254557% 59335495 57409145.98 -3.246537%
181 268482 317177.60 18.137381% 59067013 57091968.38 -3.343735%
179 269673 318949.54 18.272702% 58797340 56773018.84 -3.442879%
173 277548 328167.74 18.238193% 58519792 56444851.10 -3.545708%
167 285981 337993.12 18.187264% 58233811 56106857.98 -3.652437%
163 291238 344213.85 18.189883% 57942573 55762644.12 -3.762223%
157 300790 355176.08 18.081079% 57641783 55407468.05 -3.876207%
151 311131 366936.87 17.936456% 57330652 55040531.17 -3.994584%
149 313113 369399.54 17.976430% 57017539 54671131.63 -4.115238%
139 334668 393317.49 17.524679% 56682871 54277814.14 -4.243005%
137 337160 396188.42 17.507541% 56345711 53881625.72 -4.373155%
131 350970 411310.12 17.192387% 55994741 53470315.60 -4.508326%
127 359934 421026.11 16.973141% 55634807 53049289.49 -4.647302%
113 405144 469462.74 15.875525% 55229663 52579826.75 -4.797850%
109 417728 482383.73 15.477950% 54811935 52097443.02 -4.952374%
107 422579 486891.99 15.219164% 54389356 51610551.03 -5.109097%
103 436770 501073.31 14.722465% 53952586 51109477.72 -5.269642%
101 442451 506034.43 14.370729% 53510135 50603443.28 -5.432040%
97 458626 521684.98 13.749544% 53051509 50081758.30 -5.597863%
89 499678 562716.39 12.615802% 52551831 49519041.92 -5.771044%
83 534463 596614.96 11.628862% 52017368 48922426.95 -5.949822%
79 558942 619271.23 10.793468% 51458426 48303155.73 -6.131688%
73 603753 661687.06 9.595657% 50854673 47641468.66 -6.318405%
71 616356 671006.60 8.866727% 50238317 46970462.06 -6.504706%
67 650455 701051.67 7.778658% 49587862 46269410.39 -6.692064%
61 713610 758514.92 6.292642% 48874252 45510895.46 -6.881653%
59 732269 771371.11 5.339856% 48141983 44739524.35 -7.067550%
53 814513 844141.97 3.637630% 47327470 43895382.39 -7.251788%
47 917528 933944.31 1.789189% 46409942 42961438.08 -7.430528%
43 997397 999103.21 0.171066% 45412545 41962334.87 -7.597482%
41 1035666 1023471.58 -1.177447% 44376879 40938863.29 -7.747313%
37 1140281 1106455.76 -2.966395% 43236598 39832407.52 -7.873400%
31 1355638 1284916.37 -5.216852% 41880960 38547491.15 -7.959390%
29 1426733 1329223.83 -6.834437% 40454227 37218267.32 -7.999064%
23 1781107 1618185.54 -9.147203% 38673120 35600081.78 -7.946186%
19 2107132 1873688.51 -11.078731% 36565988 33726393.27 -7.765672%
17 2269992 1983905.49 -12.602975% 34295996 31742487.78 -7.445500%
13 2836976 2441729.83 -13.931953% 31459020 29300757.95 -6.860551%
11 3124206 2663705.27 -14.739768% 28334814 26637052.68 -5.991786%
7 4434005 3805293.24 -14.179320% 23900809 22831759.44 -4.472859%
5 5218541 4566351.89 -12.497537% 18682268 18265407.55 -2.231316%
3 6647839 6088469.18 -8.414311% 12034429 12176938.37 1.184181%
2 6274203 6088469.18 -2.960277% 5760226 6088469.18 5.698443%
