p diff est_diff error1 size est_size error2
9973 20055 20054.15 -0.004258% 99979944 99979944.85 0.000001%
9967 20062 20062.19 0.000968% 99959882 99959882.66 0.000001%
9949 20094 20094.46 0.002281% 99939788 99939788.20 0.000000%
9941 20106 20106.59 0.002917% 99919682 99919681.62 -0.000000%
9931 20122 20122.78 0.003894% 99899560 99899558.83 -0.000001%
9929 20122 20122.78 0.003894% 99879438 99879436.05 -0.000002%
9923 20130 20130.90 0.004447% 99859308 99859305.15 -0.000003%
9907 20158 20159.34 0.006662% 99839150 99839145.81 -0.000004%
9901 20166 20167.49 0.007375% 99818984 99818978.32 -0.000006%
9887 20192 20191.96 -0.000174% 99798792 99798786.36 -0.000006%
9883 20196 20196.05 0.000253% 99778596 99778590.31 -0.000006%
9871 20216 20216.51 0.002528% 99758380 99758373.80 -0.000006%
9859 20238 20237.02 -0.004859% 99738142 99738136.78 -0.000005%
9857 20238 20237.02 -0.004859% 99717904 99717899.76 -0.000004%
9851 20244 20245.23 0.006095% 99697660 99697654.53 -0.000005%
9839 20266 20265.81 -0.000935% 99677394 99677388.72 -0.000005%
9833 20272 20274.05 0.010134% 99657122 99657114.66 -0.000007%
9829 20278 20278.18 0.000887% 99636844 99636836.48 -0.000008%
9817 20300 20298.84 -0.005734% 99616544 99616537.65 -0.000006%
9811 20306 20307.11 0.005476% 99596238 99596230.54 -0.000007%
9803 20320 20319.54 -0.002259% 99575918 99575910.99 -0.000007%
9791 20342 20340.29 -0.008385% 99555576 99555570.70 -0.000005%
9787 20344 20344.45 0.002217% 99535232 99535226.25 -0.000006%
9781 20354 20352.77 -0.006038% 99514878 99514873.48 -0.000005%
9769 20374 20373.60 -0.001939% 99494504 99494499.87 -0.000004%
9767 20376 20373.60 -0.011754% 99474128 99474126.27 -0.000002%
9749 20406 20407.04 0.005106% 99453722 99453719.23 -0.000003%
9743 20416 20415.42 -0.002840% 99433306 99433303.81 -0.000002%
9739 20422 20419.61 -0.011690% 99412884 99412884.19 0.000000%
9733 20430 20428.00 -0.009767% 99392454 99392456.19 0.000002%
9721 20450 20449.02 -0.004798% 99372004 99372007.17 0.000003%
9719 20454 20449.02 -0.024353% 99351550 99351558.15 0.000008%
9697 20482 20491.19 0.044892% 99331068 99331066.96 -0.000001%
9689 20500 20503.88 0.018947% 99310568 99310563.07 -0.000005%
9679 20516 20520.83 0.023549% 99290052 99290042.24 -0.000010%
9677 20518 20520.83 0.013799% 99269534 99269521.41 -0.000013%
9661 20552 20550.57 -0.006965% 99248982 99248970.84 -0.000011%
9649 20570 20571.87 0.009075% 99228412 99228398.97 -0.000013%
9643 20586 20580.40 -0.027203% 99207826 99207818.57 -0.000007%
9631 20610 20601.77 -0.039937% 99187216 99187216.81 0.000001%
9629 20608 20601.77 -0.030236% 99166608 99166615.04 0.000007%
9623 20616 20610.33 -0.027491% 99145992 99146004.70 0.000013%
9619 20616 20614.62 -0.006704% 99125376 99125390.09 0.000014%
9613 20630 20623.20 -0.032983% 99104746 99104766.89 0.000021%
9601 20650 20644.68 -0.025782% 99084096 99084122.21 0.000026%
9587 20676 20670.52 -0.026520% 99063420 99063451.70 0.000032%
9551 20754 20744.10 -0.047699% 99042666 99042707.60 0.000042%
9547 20752 20748.45 -0.017125% 99021914 99021959.15 0.000046%
9539 20762 20761.50 -0.002423% 99001152 99001197.65 0.000046%
9533 20778 20770.21 -0.037500% 98980374 98980427.45 0.000054%
9521 20800 20792.02 -0.038349% 98959574 98959635.42 0.000062%
9511 20816 20809.51 -0.031167% 98938758 98938825.91 0.000069%
9497 20848 20835.81 -0.058489% 98917910 98917990.10 0.000081%
9491 20850 20844.59 -0.025959% 98897060 98897145.52 0.000086%
9479 20876 20866.58 -0.045134% 98876184 98876278.94 0.000096%
9473 20878 20875.39 -0.012507% 98855306 98855403.55 0.000099%
9467 20888 20884.21 -0.018149% 98834418 98834519.34 0.000103%
9463 20894 20888.62 -0.025735% 98813524 98813630.72 0.000108%
9461 20896 20888.62 -0.035304% 98792628 98792742.10 0.000115%
9439 20946 20932.88 -0.062622% 98771682 98771809.21 0.000129%
9437 20940 20932.88 -0.033987% 98750742 98750876.33 0.000136%
9433 20944 20937.32 -0.031888% 98729798 98729939.01 0.000143%
9431 20942 20937.32 -0.022341% 98708856 98709001.69 0.000148%
9421 20970 20955.10 -0.071051% 98687886 98688046.59 0.000163%
9419 20958 20955.10 -0.013834% 98666928 98667091.48 0.000166%
9413 20980 20964.01 -0.076237% 98645948 98646127.48 0.000182%
9403 20984 20981.84 -0.010287% 98624964 98625145.64 0.000184%
9397 21000 20990.77 -0.043939% 98603964 98604154.87 0.000194%
9391 21018 20999.71 -0.087004% 98582946 98583155.15 0.000212%
9377 21042 21026.59 -0.073247% 98561904 98562128.56 0.000228%
9371 21050 21035.56 -0.068586% 98540854 98541093.00 0.000243%
9349 21100 21080.56 -0.092117% 98519754 98520012.44 0.000262%
9343 21106 21089.59 -0.077758% 98498648 98498922.85 0.000279%
9341 21100 21089.59 -0.049344% 98477548 98477833.26 0.000290%
9337 21106 21094.11 -0.056354% 98456442 98456739.16 0.000302%
9323 21138 21121.26 -0.079208% 98435304 98435617.90 0.000319%
9319 21130 21125.79 -0.019925% 98414174 98414492.11 0.000323%
9311 21166 21139.40 -0.125658% 98393008 98393352.71 0.000350%
9293 21190 21175.80 -0.067015% 98371818 98372176.91 0.000365%
9283 21200 21194.05 -0.028072% 98350618 98350982.86 0.000371%
9281 21210 21194.05 -0.075207% 98329408 98329788.81 0.000387%
9277 21226 21198.62 -0.129003% 98308182 98308590.19 0.000415%
9257 21254 21239.84 -0.066632% 98286928 98287350.35 0.000430%
9241 21298 21272.02 -0.122002% 98265630 98266078.34 0.000456%
9239 21286 21272.02 -0.065695% 98244344 98244806.32 0.000471%
9227 21316 21295.07 -0.098188% 98223028 98223511.25 0.000492%
9221 21332 21304.31 -0.129815% 98201696 98202206.94 0.000520%
9209 21356 21327.44 -0.133723% 98180340 98180879.50 0.000549%
9203 21362 21336.71 -0.118379% 98158978 98159542.79 0.000575%
9199 21374 21341.35 -0.152752% 98137604 98138201.44 0.000609%
9187 21388 21364.58 -0.109497% 98116216 98116836.86 0.000633%
9181 21404 21373.89 -0.140680% 98094812 98095462.97 0.000664%
9173 21408 21387.87 -0.094033% 98073404 98074075.10 0.000684%
9161 21448 21411.22 -0.171503% 98051956 98052663.88 0.000722%
9157 21440 21415.89 -0.112442% 98030516 98031247.99 0.000747%
9151 21448 21425.25 -0.106054% 98009068 98009822.74 0.000770%
9137 21480 21453.39 -0.123872% 97987588 97988369.34 0.000797%
9133 21486 21458.09 -0.129897% 97966102 97966911.25 0.000826%
9127 21494 21467.49 -0.123316% 97944608 97945443.76 0.000853%
9109 21530 21505.20 -0.115178% 97923078 97923938.56 0.000879%
9103 21528 21514.65 -0.062003% 97901550 97902423.91 0.000893%
9091 21580 21538.32 -0.193152% 97879970 97880885.59 0.000935%
9067 21618 21590.58 -0.126848% 97858352 97859295.01 0.000964%
9059 21622 21604.88 -0.079188% 97836730 97837690.13 0.000981%
9049 21642 21623.98 -0.083272% 97815088 97816066.15 0.001000%
9043 21652 21633.54 -0.085242% 97793436 97794432.61 0.001019%
9041 21666 21633.54 -0.149805% 97771770 97772799.07 0.001053%
9029 21684 21657.50 -0.122194% 97750086 97751141.56 0.001080%
9013 21718 21691.14 -0.123657% 97728368 97729450.42 0.001108%
9011 21732 21691.14 -0.187998% 97706636 97707759.27 0.001150%
9007 21738 21695.96 -0.193391% 97684898 97686063.31 0.001193%
9001 21734 21705.60 -0.130660% 97663164 97664357.71 0.001222%
8999 21744 21705.60 -0.176590% 97641420 97642652.11 0.001262%
8971 21818 21768.51 -0.226831% 97619602 97620883.60 0.001313%
8969 21822 21768.51 -0.245119% 97597780 97599115.09 0.001368%
8963 21818 21778.22 -0.182304% 97575962 97577336.86 0.001409%
8951 21840 21802.56 -0.171449% 97554122 97555534.31 0.001448%
8941 21864 21822.06 -0.191807% 97532258 97533712.24 0.001491%
8933 21888 21836.72 -0.234281% 97510370 97511875.52 0.001544%
8929 21890 21841.61 -0.221052% 97488480 97490033.91 0.001594%
8923 21878 21851.40 -0.121570% 97466602 97468182.51 0.001622%
8893 21972 21920.20 -0.235741% 97444630 97446262.31 0.001675%
8887 21974 21930.07 -0.199922% 97422656 97424332.24 0.001721%
8867 22016 21974.59 -0.188103% 97400640 97402357.65 0.001763%
8863 22020 21979.55 -0.183715% 97378620 97380378.10 0.001805%
8861 22048 21979.55 -0.310478% 97356572 97358398.56 0.001876%
8849 22044 22004.38 -0.179712% 97334528 97336394.17 0.001917%
8839 22080 22024.30 -0.252264% 97312448 97314369.87 0.001975%
8837 22064 22024.30 -0.179931% 97290384 97292345.57 0.002016%
8831 22098 22034.28 -0.288370% 97268286 97270311.30 0.002082%
8821 22090 22054.26 -0.161795% 97246196 97248257.04 0.002119%
8819 22082 22054.26 -0.125625% 97224114 97226202.78 0.002148%
8807 22138 22079.30 -0.265150% 97201976 97204123.48 0.002209%
8803 22136 22084.32 -0.233477% 97179840 97182039.16 0.002263%
8783 22178 22129.58 -0.218336% 97157662 97159909.58 0.002313%
8779 22194 22134.62 -0.267555% 97135468 97137774.96 0.002375%
8761 22232 22175.04 -0.256195% 97113236 97115599.92 0.002434%
8753 22226 22190.24 -0.160878% 97091010 97093409.68 0.002472%
8747 22262 22200.39 -0.276745% 97068748 97071209.29 0.002536%
8741 22268 22210.55 -0.257993% 97046480 97048998.74 0.002595%
8737 22262 22215.63 -0.208273% 97024218 97026783.10 0.002644%
8731 22292 22225.81 -0.296913% 97001926 97004557.29 0.002713%
8719 22302 22251.30 -0.227319% 96979624 96982305.99 0.002766%
8713 22324 22261.52 -0.279884% 96957300 96960044.47 0.002831%
8707 22328 22271.75 -0.251946% 96934972 96937772.72 0.002889%
8699 22362 22287.11 -0.334911% 96912610 96915485.62 0.002967%
8693 22364 22297.36 -0.297968% 96890246 96893188.25 0.003037%
8689 22368 22302.49 -0.292853% 96867878 96870885.76 0.003105%
8681 22408 22317.91 -0.402047% 96845470 96848567.85 0.003199%
8677 22372 22323.05 -0.218784% 96823098 96826244.80 0.003250%
8669 22418 22338.50 -0.354609% 96800680 96803906.29 0.003333%
8663 22394 22348.82 -0.201758% 96778286 96781557.47 0.003380%
8647 22458 22385.00 -0.325041% 96755828 96759172.47 0.003457%
8641 22452 22395.36 -0.252251% 96733376 96736777.11 0.003516%
8629 22488 22421.32 -0.296522% 96710888 96714355.79 0.003586%
8627 22492 22421.32 -0.314253% 96688396 96691934.47 0.003660%
8623 22500 22426.52 -0.326584% 96665896 96669507.95 0.003737%
8609 22522 22457.78 -0.285150% 96643374 96647050.17 0.003804%
8599 22564 22478.67 -0.378160% 96620810 96624571.50 0.003893%
8597 22556 22478.67 -0.342827% 96598254 96602092.83 0.003974%
8581 22622 22515.35 -0.471461% 96575632 96579577.48 0.004085%
8573 22600 22531.10 -0.304849% 96553032 96557046.38 0.004158%
8563 22632 22552.15 -0.352802% 96530400 96534494.23 0.004241%
8543 22688 22599.67 -0.389321% 96507712 96511894.55 0.004334%
8539 22676 22604.96 -0.313264% 96485036 96489289.59 0.004409%
8537 22694 22604.96 -0.392332% 96462342 96466684.63 0.004502%
8527 22730 22626.17 -0.456788% 96439612 96444058.45 0.004611%
8521 22684 22636.79 -0.208105% 96416928 96421421.66 0.004661%
8513 22750 22652.75 -0.427482% 96394178 96398768.91 0.004763%
8501 22758 22679.40 -0.345395% 96371420 96376089.52 0.004845%
8467 22854 22765.11 -0.388951% 96348566 96353324.41 0.004939%
8461 22866 22775.87 -0.394159% 96325700 96330548.54 0.005033%
8447 22910 22808.23 -0.444228% 96302790 96307740.31 0.005140%
8443 22890 22813.63 -0.333638% 96279900 96284926.68 0.005221%
8431 22924 22840.69 -0.363420% 96256976 96262085.99 0.005309%
8429 22922 22840.69 -0.354727% 96234054 96239245.30 0.005394%
8423 22952 22851.54 -0.437712% 96211102 96216393.76 0.005500%
8419 22938 22856.96 -0.353279% 96188164 96193536.80 0.005586%
8389 23012 22933.25 -0.342192% 96165152 96170603.54 0.005669%
8387 23034 22933.25 -0.437377% 96142118 96147670.29 0.005775%
8377 23052 22955.16 -0.420112% 96119066 96124715.13 0.005877%
8369 23072 22971.61 -0.435103% 96095994 96101743.52 0.005983%
8363 23098 22982.60 -0.499609% 96072896 96078760.92 0.006105%
8353 23098 23004.61 -0.404313% 96049798 96055756.31 0.006203%
8329 23170 23065.38 -0.451552% 96026628 96032690.93 0.006314%
8317 23188 23093.11 -0.409228% 96003440 96009597.82 0.006414%
8311 23204 23104.22 -0.430000% 95980236 95986493.60 0.006520%
8297 23240 23137.64 -0.440454% 95956996 95963355.96 0.006628%
8293 23246 23143.22 -0.442147% 95933750 95940212.74 0.006737%
8291 23274 23143.22 -0.561921% 95910476 95917069.53 0.006875%
8287 23266 23148.80 -0.503722% 95887210 95893920.72 0.006999%
8273 23300 23182.38 -0.504801% 95863910 95870738.34 0.007123%
8269 23326 23187.99 -0.591664% 95840584 95847550.35 0.007269%
8263 23318 23199.21 -0.509420% 95817266 95824351.14 0.007394%
8243 23336 23249.87 -0.369074% 95793930 95801101.27 0.007486%
8237 23390 23261.16 -0.550819% 95770540 95777840.10 0.007622%
8233 23394 23266.81 -0.543669% 95747146 95754573.29 0.007757%
8231 23398 23266.81 -0.560672% 95723748 95731306.47 0.007896%
8221 23406 23289.46 -0.497926% 95700342 95708017.02 0.008020%
8219 23408 23289.46 -0.506428% 95676934 95684727.56 0.008146%
8209 23438 23312.15 -0.536940% 95653496 95661415.41 0.008279%
8191 23478 23357.69 -0.512441% 95630018 95638057.72 0.008407%
8179 23506 23386.25 -0.509457% 95606512 95614671.48 0.008534%
8171 23562 23403.42 -0.673034% 95582950 95591268.06 0.008702%
8167 23550 23409.15 -0.598085% 95559400 95567858.90 0.008852%
8161 23558 23420.62 -0.583137% 95535842 95544438.28 0.008998%
8147 23606 23455.12 -0.639152% 95512236 95520983.16 0.009158%
8123 23668 23518.65 -0.631035% 95488568 95497464.51 0.009317%
8117 23706 23530.24 -0.741431% 95464862 95473934.28 0.009503%
8111 23694 23541.84 -0.642186% 95441168 95450392.43 0.009665%
8101 23676 23565.09 -0.468454% 95417492 95426827.35 0.009784%
8093 23708 23582.56 -0.529106% 95393784 95403244.79 0.009918%
8089 23726 23588.39 -0.579995% 95370058 95379656.40 0.010064%
8087 23730 23588.39 -0.596754% 95346328 95356068.01 0.010215%
8081 23746 23600.07 -0.614561% 95322582 95332467.94 0.010371%
8069 23784 23629.31 -0.650378% 95298798 95308838.63 0.010536%
8059 23798 23652.77 -0.610259% 95275000 95285185.85 0.010691%
8053 23810 23664.52 -0.611008% 95251190 95261521.34 0.010846%
8039 23858 23699.84 -0.662907% 95227332 95237821.49 0.011015%
8017 23902 23758.97 -0.598412% 95203430 95214062.52 0.011168%
8011 23928 23770.83 -0.656842% 95179502 95190291.69 0.011336%
8009 23918 23770.83 -0.615308% 95155584 95166520.86 0.011494%
7993 23956 23812.47 -0.599156% 95131628 95142708.40 0.011647%
7963 24038 23896.20 -0.589912% 95107590 95118812.20 0.011799%
7951 24104 23926.25 -0.737424% 95083486 95094885.95 0.011989%
7949 24110 23926.25 -0.762126% 95059376 95070959.70 0.012186%
7937 24126 23956.40 -0.702990% 95035250 95047003.30 0.012367%
7933 24156 23962.44 -0.801307% 95011094 95023040.86 0.012574%
7927 24132 23974.53 -0.652545% 94986962 94999066.34 0.012743%
7919 24152 23992.69 -0.659603% 94962810 94975073.64 0.012914%
7907 24202 24023.04 -0.739459% 94938608 94951050.61 0.013106%
7901 24194 24035.20 -0.656368% 94914414 94927015.41 0.013277%
7883 24236 24083.98 -0.627240% 94890178 94902931.43 0.013440%
7879 24248 24090.10 -0.651206% 94865930 94878841.33 0.013610%
7877 24284 24090.10 -0.798486% 94841646 94854751.24 0.013818%
7873 24284 24096.22 -0.773286% 94817362 94830655.02 0.014020%
7867 24290 24108.47 -0.747357% 94793072 94806546.55 0.014215%
7853 24346 24145.31 -0.824338% 94768726 94782401.25 0.014430%
7841 24376 24176.10 -0.820068% 94744350 94758225.15 0.014645%
7829 24436 24206.98 -0.937222% 94719914 94734018.17 0.014890%
7823 24456 24219.36 -0.967624% 94695458 94709798.81 0.015144%
7817 24450 24231.75 -0.892634% 94671008 94685567.06 0.015379%
7793 24500 24300.16 -0.815680% 94646508 94661266.90 0.015594%
7789 24530 24306.40 -0.911545% 94621978 94636960.50 0.015834%
7759 24598 24394.11 -0.828877% 94597380 94612566.39 0.016054%
7757 24626 24394.11 -0.941636% 94572754 94588172.28 0.016303%
7753 24612 24400.41 -0.859720% 94548142 94563771.87 0.016531%
7741 24642 24431.93 -0.852501% 94523500 94539339.94 0.016758%
7727 24694 24469.87 -0.907632% 94498806 94514870.07 0.016999%
7723 24692 24476.21 -0.873942% 94474114 94490393.87 0.017232%
7717 24736 24488.89 -0.998977% 94449378 94465904.98 0.017498%
7703 24758 24527.04 -0.932859% 94424620 94441377.93 0.017747%
7699 24766 24533.41 -0.939134% 94399854 94416844.52 0.017998%
7691 24774 24552.55 -0.893867% 94375080 94392291.96 0.018238%
7687 24766 24558.94 -0.836059% 94350314 94367733.02 0.018462%
7681 24790 24571.73 -0.880472% 94325524 94343161.29 0.018698%
7673 24844 24590.95 -1.018575% 94300680 94318570.35 0.018972%
7669 24818 24597.36 -0.889039% 94275862 94293972.99 0.019211%
7649 24882 24655.24 -0.911334% 94250980 94269317.75 0.019456%
7643 24874 24668.15 -0.827589% 94226106 94244649.60 0.019680%
7639 24872 24674.60 -0.793648% 94201234 94219975.00 0.019895%
7621 24942 24726.41 -0.864376% 94176292 94195248.59 0.020129%
7607 25000 24765.41 -0.938348% 94151292 94170483.18 0.020383%
7603 24990 24771.93 -0.872638% 94126302 94145711.25 0.020620%
7591 25026 24804.56 -0.884836% 94101276 94120906.69 0.020861%
7589 25036 24804.56 -0.924425% 94076240 94096102.13 0.021113%
7583 25076 24817.65 -1.030287% 94051164 94071284.48 0.021393%
7577 25082 24830.75 -1.001727% 94026082 94046453.74 0.021666%
7573 25086 24837.30 -0.991371% 94000996 94021616.43 0.021936%
7561 25144 24870.15 -1.089112% 93975852 93996746.28 0.022234%
7559 25104 24870.15 -0.931510% 93950748 93971876.12 0.022489%
7549 25136 24896.51 -0.952778% 93925612 93946979.61 0.022750%
7547 25100 24896.51 -0.810718% 93900512 93922083.10 0.022972%
7541 25180 24909.72 -1.073409% 93875332 93897173.39 0.023266%
7537 25190 24916.33 -1.086440% 93850142 93872257.06 0.023564%
7529 25174 24936.18 -0.944697% 93824968 93847320.88 0.023824%
7523 25228 24949.44 -1.104168% 93799740 93822371.44 0.024127%
7517 25244 24962.72 -1.114257% 93774496 93797408.72 0.024434%
7507 25250 24989.32 -1.032400% 93749246 93772419.40 0.024718%
7499 25248 25009.31 -0.945370% 93723998 93747410.09 0.024980%
7489 25294 25036.03 -1.019891% 93698704 93722374.06 0.025262%
7487 25324 25036.03 -1.137147% 93673380 93697338.03 0.025576%
7481 25348 25049.42 -1.177942% 93648032 93672288.62 0.025902%
7477 25330 25056.12 -1.081264% 93622702 93647232.50 0.026201%
7459 25388 25109.86 -1.095547% 93597314 93622122.64 0.026506%
7457 25382 25109.86 -1.072167% 93571932 93597012.78 0.026804%
7451 25426 25123.34 -1.190346% 93546506 93571889.43 0.027135%
7433 25496 25177.42 -1.249521% 93521010 93546712.01 0.027483%
7417 25548 25224.95 -1.264498% 93495462 93521487.07 0.027836%
7411 25544 25238.56 -1.195738% 93469918 93496248.51 0.028170%
7393 25570 25293.18 -1.082588% 93444348 93470955.32 0.028474%
7369 25678 25368.69 -1.204554% 93418670 93445586.63 0.028813%
7351 25708 25423.91 -1.105059% 93392962 93420162.72 0.029125%
7349 25742 25423.91 -1.235679% 93367220 93394738.81 0.029474%
7333 25792 25472.45 -1.238949% 93341428 93369266.36 0.029824%
7331 25762 25472.45 -1.123941% 93315666 93343793.90 0.030143%
7321 25830 25500.29 -1.276480% 93289836 93318293.62 0.030505%
7309 25842 25535.17 -1.187315% 93263994 93292758.45 0.030842%
7307 25864 25535.17 -1.271365% 93238130 93267223.27 0.031203%
7297 25914 25563.17 -1.353827% 93212216 93241660.10 0.031588%
7283 25924 25605.29 -1.229405% 93186292 93216054.81 0.031939%
7253 26012 25704.14 -1.183540% 93160280 93190350.68 0.032278%
7247 26052 25718.33 -1.280804% 93134228 93164632.35 0.032646%
7243 26046 25725.43 -1.230797% 93108182 93138906.92 0.032999%
7237 26060 25739.65 -1.229296% 93082122 93113167.28 0.033353%
7229 26086 25761.01 -1.245844% 93056036 93087406.27 0.033711%
7219 26130 25789.56 -1.302881% 93029906 93061616.71 0.034087%
7213 26150 25803.86 -1.323676% 93003756 93035812.85 0.034468%
7211 26158 25803.86 -1.353854% 92977598 93010008.99 0.034859%
7207 26180 25811.02 -1.409398% 92951418 92984197.98 0.035266%
7193 26172 25854.08 -1.214734% 92925246 92958343.90 0.035618%
7187 26244 25868.47 -1.430921% 92899002 92932475.43 0.036032%
7177 26240 25897.30 -1.306006% 92872762 92906578.12 0.036411%
7159 26324 25955.18 -1.401067% 92846438 92880622.94 0.036819%
7151 26354 25976.96 -1.430672% 92820084 92854645.98 0.037235%
7129 26428 26049.84 -1.430916% 92793656 92828596.14 0.037654%
7127 26412 26049.84 -1.371204% 92767244 92802546.30 0.038055%
7121 26454 26064.47 -1.472480% 92740790 92776481.83 0.038486%
7109 26478 26101.13 -1.423316% 92714312 92750380.70 0.038903%
7103 26472 26115.83 -1.345448% 92687840 92724264.87 0.039298%
7079 26590 26197.00 -1.478017% 92661250 92698067.87 0.039734%
7069 26642 26226.64 -1.559033% 92634608 92671841.23 0.040194%
7057 26636 26263.81 -1.397333% 92607972 92645577.42 0.040607%
7043 26710 26308.56 -1.502975% 92581262 92619268.87 0.041052%
7039 26702 26316.03 -1.445471% 92554560 92592952.84 0.041481%
7027 26774 26353.48 -1.570627% 92527786 92566599.36 0.041948%
7019 26770 26376.01 -1.471768% 92501016 92540223.35 0.042386%
7013 26778 26391.05 -1.445023% 92474238 92513832.30 0.042817%
7001 26808 26428.75 -1.414697% 92447430 92487403.55 0.043239%
6997 26808 26436.30 -1.386518% 92420622 92460967.25 0.043654%
6991 26814 26451.43 -1.352174% 92393808 92434515.82 0.044059%
6983 26852 26474.16 -1.407135% 92366956 92408041.66 0.044481%
6977 26884 26489.33 -1.468033% 92340072 92381552.33 0.044921%
6971 26902 26504.53 -1.477460% 92313170 92355047.79 0.045365%
6967 26932 26512.14 -1.558955% 92286238 92328535.65 0.045833%
6961 26906 26527.38 -1.407207% 92259332 92302008.27 0.046257%
6959 26910 26527.38 -1.421862% 92232422 92275480.90 0.046685%
6949 26968 26557.92 -1.520630% 92205454 92248922.98 0.047144%
6947 26900 26557.92 -1.271686% 92178554 92222365.06 0.047528%
6917 27040 26665.42 -1.385270% 92151514 92195699.64 0.047949%
6911 27084 26680.86 -1.488493% 92124430 92169018.79 0.048401%
6907 27048 26688.58 -1.328815% 92097382 92142330.20 0.048805%
6899 27100 26711.79 -1.432498% 92070282 92115618.41 0.049241%
6883 27154 26766.12 -1.428428% 92043128 92088852.29 0.049677%
6871 27198 26805.08 -1.444665% 92015930 92062047.21 0.050119%
6869 27162 26805.08 -1.314042% 91988768 92035242.13 0.050522%
6863 27212 26820.70 -1.437958% 91961556 92008421.42 0.050962%
6857 27224 26836.35 -1.423932% 91934332 91981585.07 0.051399%
6841 27290 26891.27 -1.461089% 91907042 91954693.80 0.051848%
6833 27272 26914.88 -1.309468% 91879770 91927778.92 0.052252%
6829 27288 26922.76 -1.338448% 91852482 91900856.16 0.052665%
6827 27298 26922.76 -1.374590% 91825184 91873933.39 0.053089%
6823 27312 26930.66 -1.396250% 91797872 91847002.74 0.053521%
6803 27362 27001.91 -1.316016% 91770510 91820000.83 0.053929%
6793 27414 27033.71 -1.387206% 91743096 91792967.11 0.054360%
6791 27406 27033.71 -1.358420% 91715690 91765933.40 0.054782%
6781 27412 27065.60 -1.263662% 91688278 91738867.80 0.055176%
6779 27442 27065.60 -1.371602% 91660836 91711802.19 0.055603%
6763 27544 27121.63 -1.533426% 91633292 91684680.56 0.056081%
6761 27522 27121.63 -1.454716% 91605770 91657558.93 0.056535%
6737 27602 27210.20 -1.419462% 91578168 91630348.73 0.056979%
6733 27570 27218.28 -1.275725% 91550598 91603130.44 0.057381%
6719 27646 27266.89 -1.371287% 91522952 91575863.55 0.057812%
6709 27668 27299.41 -1.332197% 91495284 91548564.14 0.058233%
6703 27706 27315.70 -1.408725% 91467578 91521248.44 0.058677%
6701 27678 27315.70 -1.308987% 91439900 91493932.75 0.059091%
6691 27746 27348.36 -1.433150% 91412154 91466584.39 0.059544%
6689 27692 27348.36 -1.240942% 91384462 91439236.03 0.059938%
6679 27728 27381.12 -1.251025% 91356734 91411854.91 0.060336%
6673 27804 27397.53 -1.461916% 91328930 91384457.38 0.060799%
6661 27816 27438.66 -1.356557% 91301114 91357018.72 0.061231%
6659 27816 27438.66 -1.356557% 91273298 91329580.06 0.061663%
6653 27834 27455.16 -1.361080% 91245464 91302124.91 0.062097%
6637 27868 27513.07 -1.273609% 91217596 91274611.84 0.062505%
6619 27924 27579.58 -1.233428% 91189672 91247032.26 0.062902%
6607 27996 27621.32 -1.338332% 91161676 91219410.94 0.063332%
6599 27996 27646.43 -1.248626% 91133680 91191764.50 0.063735%
6581 28090 27713.65 -1.339802% 91105590 91164050.85 0.064168%
6577 28118 27722.08 -1.408076% 91077472 91136328.78 0.064623%
6571 28096 27738.95 -1.270812% 91049376 91108589.82 0.065035%
6569 28064 27738.95 -1.158236% 91021312 91080850.87 0.065412%
6563 28108 27755.86 -1.252815% 90993204 91053095.01 0.065819%
6553 28132 27789.74 -1.216609% 90965072 91025305.27 0.066216%
6551 28136 27789.74 -1.230652% 90936936 90997515.53 0.066617%
6547 28172 27798.23 -1.326732% 90908764 90969717.29 0.067049%
6529 28234 27866.36 -1.302134% 90880530 90941850.94 0.067474%
6521 28228 27892.00 -1.190324% 90852302 90913958.94 0.067865%
6491 28382 28012.31 -1.302543% 90823920 90885946.63 0.068293%
6481 28444 28046.89 -1.396112% 90795476 90857899.74 0.068752%
6473 28384 28072.89 -1.096085% 90767092 90829826.85 0.069116%
6469 28450 28081.57 -1.295021% 90738642 90801745.29 0.069544%
6451 28512 28151.22 -1.265378% 90710130 90773594.07 0.069964%
6449 28500 28151.22 -1.223806% 90681630 90745442.86 0.070370%
6427 28586 28238.82 -1.214516% 90653044 90717204.04 0.070775%
6421 28572 28256.41 -1.104543% 90624472 90688947.63 0.071146%
6397 28732 28353.59 -1.317044% 90595740 90660594.04 0.071586%
6389 28760 28380.21 -1.320535% 90566980 90632213.83 0.072028%
6379 28812 28415.81 -1.375100% 90538168 90603798.02 0.072489%
6373 28792 28433.64 -1.244647% 90509376 90575364.38 0.072908%
6367 28824 28451.50 -1.292310% 90480552 90546912.87 0.073343%
6361 28794 28469.40 -1.127333% 90451758 90518443.48 0.073725%
6359 28832 28469.40 -1.257645% 90422926 90489974.08 0.074149%
6353 28864 28487.32 -1.305014% 90394062 90461486.76 0.074590%
6343 28900 28523.25 -1.303634% 90365162 90432963.51 0.075031%
6337 28914 28541.25 -1.289154% 90336248 90404422.26 0.075467%
6329 28912 28568.31 -1.188739% 90307336 90375853.95 0.075872%
6323 28944 28586.38 -1.235543% 90278392 90347267.56 0.076292%
6317 28976 28604.49 -1.282145% 90249416 90318663.08 0.076729%
6311 29004 28622.62 -1.314938% 90220412 90290040.46 0.077176%
6301 28998 28658.96 -1.169198% 90191414 90261381.51 0.077577%
6299 29022 28658.96 -1.250927% 90162392 90232722.55 0.078004%
6287 29100 28704.54 -1.358968% 90133292 90204018.01 0.078468%
6277 29090 28741.12 -1.199298% 90104202 90175276.88 0.078881%
6271 29132 28759.46 -1.278811% 90075070 90146517.43 0.079320%
6269 29130 28759.46 -1.272033% 90045940 90117757.97 0.079757%
6263 29154 28777.82 -1.290304% 90016786 90088980.15 0.080201%
6257 29170 28796.22 -1.281379% 89987616 90060183.92 0.080642%
6247 29224 28833.10 -1.337604% 89958392 90031350.83 0.081103%
6229 29286 28907.16 -1.293586% 89929106 90002443.67 0.081551%
6221 29346 28935.04 -1.400393% 89899760 89973508.63 0.082034%
6217 29318 28944.35 -1.274477% 89870442 89944564.28 0.082477%
6211 29322 28962.99 -1.224372% 89841120 89915601.29 0.082903%
6203 29374 28991.00 -1.303858% 89811746 89886610.28 0.083357%
6199 29412 29000.36 -1.399571% 89782334 89857609.92 0.083843%
6197 29400 29000.36 -1.359326% 89752934 89828609.57 0.084315%
6173 29480 29103.71 -1.276415% 89723454 89799505.85 0.084763%
6163 29568 29141.49 -1.442467% 89693886 89770364.36 0.085266%
6151 29564 29188.87 -1.268880% 89664322 89741175.49 0.085712%
6143 29602 29217.38 -1.299312% 89634720 89711958.12 0.086170%
6133 29660 29255.49 -1.363825% 89605060 89682702.63 0.086650%
6131 29694 29255.49 -1.476765% 89575366 89653447.14 0.087168%
6121 29652 29293.73 -1.208264% 89545714 89624153.41 0.087597%
6113 29738 29322.48 -1.397277% 89515976 89594830.93 0.088090%
6101 29752 29370.54 -1.282134% 89486224 89565460.39 0.088546%
6091 29776 29409.12 -1.232149% 89456448 89536051.28 0.088986%
6089 29810 29409.12 -1.344800% 89426638 89506642.16 0.089463%
6079 29806 29447.82 -1.201712% 89396832 89477194.35 0.089894%
6073 29828 29467.21 -1.209556% 89367004 89447727.13 0.090328%
6067 29872 29486.64 -1.290032% 89337132 89418240.49 0.090789%
6053 29934 29545.10 -1.299197% 89307198 89388695.39 0.091255%
6047 29946 29564.64 -1.273485% 89277252 89359130.75 0.091713%
6043 29942 29574.43 -1.227617% 89247310 89329556.32 0.092156%
6037 30016 29594.02 -1.405843% 89217294 89299962.30 0.092660%
6029 30040 29623.47 -1.386571% 89187254 89270338.83 0.093158%
6011 30094 29702.33 -1.301504% 89157160 89240636.50 0.093628%
6007 30112 29712.21 -1.327661% 89127048 89210924.29 0.094109%
5987 30182 29801.54 -1.260537% 89096866 89181122.74 0.094568%
5981 30176 29821.48 -1.174856% 89066690 89151301.27 0.094998%
5953 30320 29951.72 -1.214636% 89036370 89121349.54 0.095444%
5939 30448 30012.24 -1.431158% 89005922 89091337.30 0.095966%
5927 30460 30062.88 -1.303751% 88975462 89061274.43 0.096445%
5923 30476 30073.03 -1.322258% 88944986 89031201.40 0.096931%
5903 30578 30164.73 -1.351526% 88914408 89001036.67 0.097429%
5897 30604 30185.19 -1.368477% 88883804 88970851.48 0.097934%
5881 30674 30257.05 -1.359299% 88853130 88940594.43 0.098437%
5879 30672 30257.05 -1.352867% 88822458 88910337.38 0.098938%
5869 30712 30298.29 -1.347057% 88791746 88880039.09 0.099438%
5867 30754 30298.29 -1.481785% 88760992 88849740.79 0.099986%
5861 30726 30318.97 -1.324710% 88730266 88819421.82 0.100480%
5857 30738 30329.32 -1.329550% 88699528 88789092.50 0.100975%
5851 30780 30350.06 -1.396825% 88668748 88758742.44 0.101495%
5849 30738 30350.06 -1.262095% 88638010 88728392.39 0.101968%
5843 30758 30370.83 -1.258748% 88607252 88698021.55 0.102440%
5839 30800 30381.24 -1.359620% 88576452 88667640.32 0.102949%
5827 30876 30433.38 -1.433554% 88545576 88637206.94 0.103484%
5821 30850 30454.29 -1.282695% 88514726 88606752.65 0.103968%
5813 30902 30485.72 -1.347089% 88483824 88576266.93 0.104474%
5807 30932 30506.72 -1.374881% 88452892 88545760.21 0.104992%
5801 30940 30527.76 -1.332394% 88421952 88515232.45 0.105495%
5791 30982 30569.93 -1.330030% 88390970 88484662.52 0.105998%
5783 31048 30601.65 -1.437622% 88359922 88454060.87 0.106540%
5779 31056 30612.24 -1.428910% 88328866 88423448.63 0.107080%
5749 31164 30761.33 -1.292094% 88297702 88392687.30 0.107574%
5743 31228 30782.76 -1.425781% 88266474 88361904.55 0.108116%
5741 31172 30782.76 -1.248694% 88235302 88331121.79 0.108596%
5737 31264 30793.49 -1.504963% 88204038 88300328.30 0.109168%
5717 31360 30890.44 -1.497315% 88172678 88269437.86 0.109739%
5711 31308 30912.08 -1.264604% 88141370 88238525.78 0.110227%
5701 31354 30955.46 -1.271112% 88110016 88207570.32 0.110719%
5693 31388 30988.08 -1.274117% 88078628 88176582.24 0.111212%
5689 31426 30998.97 -1.358829% 88047202 88145583.27 0.111737%
5683 31388 31020.79 -1.169896% 88015814 88114562.48 0.112194%
5669 31512 31086.46 -1.350416% 87984302 88083476.02 0.112718%
5659 31512 31130.40 -1.210957% 87952790 88052345.62 0.113192%
5657 31532 31130.40 -1.273616% 87921258 88021215.21 0.113689%
5653 31514 31141.42 -1.182278% 87889744 87990073.80 0.114154%
5651 31570 31141.42 -1.357564% 87858174 87958932.38 0.114683%
5647 31554 31152.45 -1.272592% 87826620 87927779.93 0.115181%
5641 31544 31174.54 -1.171264% 87795076 87896605.40 0.115644%
5639 31598 31174.54 -1.340159% 87763478 87865430.86 0.116168%
5623 31548 31252.15 -0.937765% 87731930 87834178.71 0.116547%
5591 31794 31419.85 -1.176808% 87700136 87802758.86 0.117016%
5581 31846 31464.88 -1.196747% 87668290 87771293.98 0.117493%
5573 31860 31498.76 -1.133836% 87636430 87739795.22 0.117948%
5569 31828 31510.07 -0.998894% 87604602 87708285.15 0.118354%
5563 31956 31532.73 -1.324544% 87572646 87676752.42 0.118880%
5557 31954 31555.43 -1.247335% 87540692 87645196.99 0.119379%
5531 32094 31692.35 -1.251477% 87508598 87613504.64 0.119882%
5527 32120 31703.82 -1.295706% 87476478 87581800.82 0.120401%
5521 32098 31726.79 -1.156493% 87444380 87550074.03 0.120870%
5519 32112 31726.79 -1.199586% 87412268 87518347.24 0.121355%
5507 32150 31784.40 -1.137167% 87380118 87486562.84 0.121818%
5503 32164 31795.95 -1.144285% 87347954 87454766.89 0.122284%
5501 32176 31795.95 -1.181153% 87315778 87422970.94 0.122765%
5483 32238 31888.74 -1.083391% 87283540 87391082.20 0.123210%
5479 32288 31900.38 -1.200518% 87251252 87359181.82 0.123700%
5477 32288 31900.38 -1.200518% 87218964 87327281.45 0.124190%
5471 32302 31923.70 -1.171135% 87186662 87295357.75 0.124670%
5449 32418 32040.87 -1.163327% 87154244 87263316.87 0.125149%
5443 32406 32064.42 -1.054067% 87121838 87231252.45 0.125588%
5441 32412 32064.42 -1.072383% 87089426 87199188.04 0.126034%
5437 32434 32076.21 -1.103120% 87056992 87167111.82 0.126492%
5431 32464 32099.84 -1.121739% 87024528 87135011.98 0.126957%
5419 32508 32159.07 -1.073353% 86992020 87102852.91 0.127406%
5417 32522 32159.07 -1.115939% 86959498 87070693.83 0.127871%
5413 32528 32170.96 -1.097650% 86926970 87038522.88 0.128329%
5407 32518 32194.76 -0.994046% 86894452 87006328.12 0.128749%
5399 32614 32230.53 -1.175769% 86861838 86974097.59 0.129239%
5393 32646 32254.44 -1.199412% 86829192 86941843.15 0.129739%
5387 32660 32278.39 -1.168433% 86796532 86909564.76 0.130227%
5381 32636 32302.38 -1.022232% 86763896 86877262.37 0.130661%
5351 32790 32471.41 -0.971602% 86731106 86844790.96 0.131077%
5347 32778 32483.56 -0.898293% 86698328 86812307.40 0.131467%
5333 32972 32556.65 -1.259705% 86665356 86779750.75 0.131996%
5323 32956 32605.58 -1.063297% 86632400 86747145.17 0.132451%
5309 33016 32679.28 -1.019873% 86599384 86714465.89 0.132890%
5303 33042 32703.93 -1.023157% 86566342 86681761.97 0.133331%
5297 33082 32728.62 -1.068181% 86533260 86649033.34 0.133791%
5281 33118 32815.39 -0.913737% 86500142 86616217.95 0.134192%
5279 33144 32815.39 -0.991466% 86466998 86583402.56 0.134623%
5273 33154 32840.28 -0.946246% 86433844 86550562.28 0.135038%
5261 33264 32902.70 -1.086148% 86400580 86517659.58 0.135508%
5237 33398 33040.92 -1.069154% 86367182 86484618.66 0.135974%
5233 33418 33053.55 -1.090574% 86333764 86451565.10 0.136448%
5231 33342 33053.55 -0.865119% 86300422 86418511.55 0.136835%
5227 33394 33066.20 -0.981616% 86267028 86385445.35 0.137268%
5209 33484 33167.77 -0.944435% 86233544 86352277.59 0.137688%
5197 33524 33231.59 -0.872251% 86200020 86319046.00 0.138081%
5189 33596 33270.01 -0.970318% 86166424 86285775.99 0.138513%
5179 33670 33321.40 -1.035331% 86132754 86252454.58 0.138972%
5171 33680 33360.07 -0.949918% 86099074 86219094.52 0.139398%
5167 33696 33372.98 -0.958629% 86065378 86185721.54 0.139828%
5153 33802 33450.70 -1.039296% 86031576 86152270.84 0.140291%
5147 33820 33476.69 -1.015099% 85997756 86118794.15 0.140746%
5119 33986 33646.73 -0.998277% 85963770 86085147.42 0.141196%
5113 34004 33673.05 -0.973273% 85929766 86051474.37 0.141637%
5107 34038 33699.42 -0.994706% 85895728 86017774.95 0.142087%
5101 33982 33725.85 -0.753788% 85861746 85984049.10 0.142442%
5099 34072 33725.85 -1.015943% 85827674 85950323.25 0.142902%
5087 34112 33792.15 -0.937658% 85793562 85916531.11 0.143331%
5081 34128 33818.75 -0.906151% 85759434 85882712.36 0.143749%
5077 34116 33832.07 -0.832246% 85725318 85848880.29 0.144137%
5059 34232 33939.07 -0.855717% 85691086 85814941.22 0.144537%
5051 34250 33979.39 -0.790112% 85656836 85780961.83 0.144911%
5039 34378 34046.82 -0.963350% 85622458 85746915.01 0.145356%
5023 34496 34141.71 -1.027035% 85587962 85712773.30 0.145828%
5021 34468 34141.71 -0.946634% 85553494 85678631.58 0.146268%
5011 34560 34196.22 -1.052601% 85518934 85644435.36 0.146753%
5009 34520 34196.22 -0.937946% 85484414 85610239.14 0.147191%
5003 34546 34223.56 -0.933360% 85449868 85576015.58 0.147628%
4999 34536 34237.25 -0.865029% 85415332 85541778.33 0.148037%
4993 34550 34264.68 -0.825812% 85380782 85507513.64 0.148431%
4987 34592 34292.17 -0.866775% 85346190 85473221.48 0.148843%
4973 34666 34374.91 -0.839690% 85311524 85438846.57 0.149244%
4969 34626 34388.75 -0.685182% 85276898 85404457.82 0.149583%
4967 34696 34388.75 -0.885552% 85242202 85370069.07 0.150004%
4957 34772 34444.25 -0.942574% 85207430 85335624.82 0.150450%
4951 34786 34472.08 -0.902443% 85172644 85301152.74 0.150880%
4943 34862 34513.92 -0.998452% 85137782 85266638.82 0.151351%
4937 34880 34541.88 -0.969371% 85102902 85232096.94 0.151810%
4933 34868 34555.89 -0.895125% 85068034 85197541.05 0.152239%
4931 34938 34555.89 -1.093687% 85033096 85162985.17 0.152751%
4919 34934 34626.14 -0.881269% 84998162 85128359.03 0.153176%
4909 35000 34682.57 -0.906953% 84963162 85093676.46 0.153613%
4903 35040 34710.86 -0.939323% 84928122 85058965.60 0.154064%
4889 35072 34796.06 -0.786785% 84893050 85024169.54 0.154453%
4877 35156 34867.41 -0.820895% 84857894 84989302.14 0.154857%
4871 35206 34896.04 -0.880422% 84822688 84954406.10 0.155286%
4861 35256 34953.47 -0.858098% 84787432 84919452.63 0.155708%
4831 35484 35156.06 -0.924203% 84751948 84884296.57 0.156160%
4817 35574 35243.64 -0.928668% 84716374 84849052.94 0.156615%
4813 35530 35258.28 -0.764760% 84680844 84813794.66 0.157002%
4801 35694 35331.72 -1.014960% 84645150 84778462.94 0.157496%
4799 35662 35331.72 -0.926139% 84609488 84743131.21 0.157953%
4793 35706 35361.21 -0.965646% 84573782 84707770.01 0.158427%
4789 35698 35375.97 -0.902084% 84538084 84672394.03 0.158875%
4787 35676 35375.97 -0.840974% 84502408 84637018.06 0.159297%
4783 35744 35390.77 -0.988232% 84466664 84601627.29 0.159783%
4759 35860 35554.37 -0.852282% 84430804 84566072.92 0.160213%
4751 35892 35599.27 -0.815577% 84394912 84530473.65 0.160628%
4733 36006 35719.62 -0.795376% 84358906 84494754.03 0.161036%
4729 36082 35734.72 -0.962464% 84322824 84459019.31 0.161517%
4723 36090 35764.99 -0.900560% 84286734 84423254.32 0.161971%
4721 36128 35764.99 -1.004794% 84250606 84387489.33 0.162472%
4703 36218 35886.66 -0.914839% 84214388 84351602.67 0.162935%
4691 36292 35963.16 -0.906082% 84178096 84315639.50 0.163396%
4679 36402 36040.03 -0.994381% 84141694 84279599.48 0.163897%
4673 36418 36070.88 -0.953169% 84105276 84243528.60 0.164380%
4663 36478 36132.76 -0.946435% 84068798 84207395.84 0.164862%
4657 36524 36163.79 -0.986216% 84032274 84171232.05 0.165363%
4651 36512 36194.90 -0.868491% 83995762 84135037.15 0.165812%
4649 36594 36194.90 -1.090625% 83959168 84098842.26 0.166360%
4643 36606 36226.08 -1.037866% 83922562 84062616.18 0.166885%
4639 36608 36241.70 -1.000609% 83885954 84026374.48 0.167395%
4637 36592 36241.70 -0.957321% 83849362 83990132.78 0.167885%
4621 36704 36351.50 -0.960395% 83812658 83953781.29 0.168379%
4603 36870 36477.85 -1.063591% 83775788 83917303.43 0.168922%
4597 36820 36509.59 -0.843034% 83738968 83880793.84 0.169367%
4591 36964 36541.40 -1.143263% 83702004 83844252.43 0.169946%
4583 36944 36589.24 -0.960254% 83665060 83807663.19 0.170445%
4567 37048 36701.41 -0.935524% 83628012 83770961.78 0.170935%
4561 37156 36733.59 -1.136844% 83590856 83734228.19 0.171517%
4549 37192 36814.35 -1.015419% 83553664 83697413.84 0.172045%
4547 37152 36814.35 -0.908847% 83516512 83660599.50 0.172526%
4523 37364 36993.41 -0.991834% 83479148 83623606.09 0.173047%
4519 37424 37009.78 -1.106820% 83441724 83586596.30 0.173621%
4517 37378 37009.78 -0.985115% 83404346 83549586.52 0.174140%
4513 37382 37026.19 -0.951835% 83366964 83512560.33 0.174645%
4507 37388 37059.05 -0.879838% 83329576 83475501.29 0.175118%
4493 37564 37158.02 -1.080758% 83292012 83438343.26 0.175685%
4483 37636 37224.33 -1.093811% 83254376 83401118.93 0.176259%
4481 37610 37224.33 -1.025436% 83216766 83363894.60 0.176802%
4463 37754 37357.78 -1.049468% 83179012 83326536.81 0.177358%
4457 37784 37391.31 -1.039299% 83141228 83289145.50 0.177911%
4451 37824 37424.91 -1.055114% 83103404 83251720.59 0.178472%
4447 37874 37441.75 -1.141297% 83065530 83214278.84 0.179074%
4441 37840 37475.47 -0.963348% 83027690 83176803.37 0.179595%
4423 37956 37611.03 -0.908856% 82989734 83139192.34 0.180093%
4421 37990 37611.03 -0.997539% 82951744 83101581.30 0.180632%
4409 38026 37696.34 -0.866933% 82913718 83063884.96 0.181112%
4397 38172 37782.07 -1.021503% 82875546 83026102.89 0.181666%
4391 38274 37816.49 -1.195356% 82837272 82988286.40 0.182302%
4373 38282 37954.85 -0.854571% 82798990 82950331.55 0.182782%
4363 38384 38024.45 -0.936726% 82760606 82912307.10 0.183301%
4357 38456 38059.36 -1.031423% 82722150 82874247.75 0.183866%
4349 38532 38111.86 -1.090357% 82683618 82836135.88 0.184460%
4339 38528 38182.13 -0.897705% 82645090 82797953.75 0.184964%
4337 38568 38182.13 -1.000487% 82606522 82759771.62 0.185518%
4327 38612 38252.73 -0.930474% 82567910 82721518.89 0.186039%
4297 38842 38501.99 -0.875375% 82529068 82683016.91 0.186539%
4289 38906 38555.85 -0.899994% 82490162 82644461.06 0.187051%
4283 38940 38591.86 -0.894051% 82451222 82605869.20 0.187562%
4273 39064 38664.11 -1.023681% 82412158 82567205.09 0.188136%
4271 38998 38664.11 -0.856174% 82373160 82528540.98 0.188631%
4261 39062 38736.70 -0.832777% 82334098 82489804.28 0.189115%
4259 39086 38736.70 -0.893668% 82295012 82451067.58 0.189629%
4253 39112 38773.13 -0.866401% 82255900 82412294.45 0.190132%
4243 39212 38846.24 -0.932780% 82216688 82373448.21 0.190667%
4241 39226 38846.24 -0.968138% 82177462 82334601.97 0.191220%
4231 39234 38919.69 -0.801119% 82138228 82295682.28 0.191694%
4229 39268 38919.69 -0.887010% 82098960 82256762.59 0.192210%
4219 39346 38993.49 -0.895929% 82059614 82217769.11 0.192732%
4217 39312 38993.49 -0.810216% 82020302 82178775.62 0.193213%
4211 39372 39030.53 -0.867298% 81980930 82139745.09 0.193722%
4201 39460 39104.85 -0.900016% 81941470 82100640.24 0.194249%
4177 39722 39310.82 -1.035153% 81901748 82061329.42 0.194845%
4159 39768 39462.05 -0.769341% 81861980 82021867.37 0.195313%
4157 39788 39462.05 -0.819221% 81822192 81982405.32 0.195807%
4153 39846 39481.05 -0.915895% 81782346 81942924.27 0.196348%
4139 39908 39595.52 -0.783006% 81742438 81903328.75 0.196826%
4133 40074 39633.84 -1.098370% 81702364 81863694.91 0.197462%
4129 40022 39653.04 -0.921900% 81662342 81824041.88 0.198010%
4127 40036 39653.04 -0.956547% 81622306 81784388.84 0.198577%
4111 40162 39788.08 -0.931041% 81582144 81744600.77 0.199133%
4099 40288 39885.14 -0.999943% 81541856 81704715.62 0.199725%
4093 40300 39924.12 -0.932700% 81501556 81664791.50 0.200285%
4091 40306 39924.12 -0.947447% 81461250 81624867.38 0.200853%
4079 40446 40022.00 -1.048313% 81420804 81584845.38 0.201474%
4073 40396 40061.30 -0.828538% 81380408 81544784.08 0.201985%
4057 40578 40199.55 -0.932652% 81339830 81504584.53 0.202551%
4051 40610 40239.24 -0.912972% 81299220 81464345.28 0.203108%
4049 40650 40239.24 -1.010475% 81258570 81424106.04 0.203715%
4027 40832 40439.09 -0.962262% 81217738 81383666.95 0.204301%
4021 40790 40479.32 -0.761664% 81176948 81343187.64 0.204787%
4019 40804 40479.32 -0.795714% 81136144 81302708.32 0.205290%
4013 40880 40519.67 -0.881445% 81095264 81262188.65 0.205838%
4007 40920 40560.11 -0.879486% 81054344 81221628.54 0.206386%
4003 40968 40580.38 -0.946156% 81013376 81181048.16 0.206968%
4001 40868 40580.38 -0.703780% 80972508 81140467.78 0.207428%
3989 41042 40682.11 -0.876883% 80931466 81099785.67 0.207978%
3967 41244 40887.21 -0.865066% 80890222 81058898.46 0.208525%
3947 41416 41073.68 -0.826552% 80848806 81017824.78 0.209055%
3943 41376 41094.51 -0.680324% 80807430 80976730.28 0.209511%
3931 41544 41199.05 -0.830328% 80765886 80935531.23 0.210046%
3929 41610 41199.05 -0.987626% 80724276 80894332.18 0.210663%
3923 41564 41241.06 -0.776979% 80682712 80853091.12 0.211172%
3919 41604 41262.10 -0.821788% 80641108 80811829.02 0.211705%
3917 41616 41262.10 -0.850387% 80599492 80770566.92 0.212253%
3911 41630 41304.30 -0.782358% 80557862 80729262.61 0.212767%
3907 41652 41325.45 -0.784001% 80516210 80687937.16 0.213283%
3889 41818 41495.47 -0.771276% 80474392 80646441.70 0.213794%
3881 41906 41559.62 -0.826565% 80432486 80604882.08 0.214336%
3877 41880 41581.06 -0.713805% 80390606 80563301.02 0.214820%
3863 42024 41710.23 -0.746655% 80348582 80521590.79 0.215323%
3853 42106 41796.83 -0.734269% 80306476 80479793.96 0.215821%
3851 42138 41796.83 -0.809652% 80264338 80437997.13 0.216359%
3847 42190 41818.56 -0.880402% 80222148 80396178.58 0.216936%
3833 42268 41949.48 -0.753572% 80179880 80354229.10 0.217447%
3823 42368 42037.26 -0.780628% 80137512 80312191.83 0.217975%
3821 42326 42037.26 -0.682173% 80095186 80270154.57 0.218451%
3803 42508 42214.12 -0.691346% 80052678 80227940.45 0.218934%
3797 42576 42258.59 -0.745505% 80010102 80185681.85 0.219447%
3793 42596 42280.88 -0.739797% 79967506 80143400.98 0.219958%
3779 42754 42415.14 -0.792588% 79924752 80100985.84 0.220500%
3769 42864 42505.17 -0.837145% 79881888 80058480.67 0.221067%
3767 42852 42505.17 -0.809376% 79839036 80015975.51 0.221620%
3761 42836 42550.37 -0.666793% 79796200 79973425.13 0.222097%
3739 43144 42777.98 -0.848379% 79753056 79930647.16 0.222676%
3733 43208 42823.81 -0.889157% 79709848 79887823.35 0.223279%
3727 43202 42869.77 -0.769007% 79666646 79844953.57 0.223817%
3719 43266 42938.94 -0.755935% 79623380 79802014.63 0.224349%
3709 43336 43031.55 -0.702527% 79580044 79758983.08 0.224854%
3701 43380 43101.31 -0.642428% 79536664 79715881.77 0.225327%
3697 43400 43124.63 -0.634489% 79493264 79672757.13 0.225797%
3691 43524 43171.37 -0.810204% 79449740 79629585.77 0.226364%
3677 43606 43312.26 -0.673628% 79406134 79586273.51 0.226858%
3673 43656 43335.84 -0.733366% 79362478 79542937.67 0.227387%
3671 43732 43335.84 -0.905877% 79318746 79499601.83 0.228011%
3659 43776 43454.28 -0.734928% 79274970 79456147.55 0.228543%
3643 43924 43621.27 -0.689208% 79231046 79412526.28 0.229052%
3637 43888 43669.25 -0.498434% 79187158 79368857.03 0.229455%
3631 44018 43717.35 -0.683006% 79143140 79325139.67 0.229963%
3623 44050 43789.75 -0.590796% 79099090 79281349.92 0.230420%
3617 44118 43838.18 -0.634252% 79054972 79237511.74 0.230902%
3613 44118 43862.45 -0.579247% 79010854 79193649.29 0.231355%
3607 44206 43911.09 -0.667129% 78966648 79149738.20 0.231858%
3593 44318 44057.74 -0.587245% 78922330 79105680.46 0.232318%
3583 44458 44156.12 -0.679034% 78877872 79061524.34 0.232831%
3581 44402 44156.12 -0.553770% 78833470 79017368.23 0.233274%
3571 44534 44255.04 -0.626405% 78788936 78973113.19 0.233760%
3559 44622 44379.38 -0.543715% 78744314 78928733.81 0.234201%
3557 44622 44379.38 -0.543715% 78699692 78884354.42 0.234642%
3547 44702 44479.48 -0.497790% 78654990 78839874.95 0.235058%
3541 44724 44529.72 -0.434390% 78610266 78795345.22 0.235439%
3539 44764 44529.72 -0.523360% 78565502 78750815.50 0.235871%
3533 44856 44580.14 -0.614992% 78520646 78706235.36 0.236357%
3529 44872 44605.40 -0.594126% 78475774 78661629.96 0.236832%
3527 44810 44605.40 -0.456586% 78430964 78617024.55 0.237228%
3517 44900 44706.87 -0.430142% 78386064 78572317.69 0.237611%
3511 44998 44757.80 -0.533802% 78341066 78527559.89 0.238054%
3499 45106 44885.72 -0.488370% 78295960 78482674.17 0.238472%
3491 45248 44962.86 -0.630169% 78250712 78437711.31 0.238975%
3469 45436 45222.09 -0.470799% 78205276 78392489.22 0.239387%
3467 45436 45222.09 -0.470799% 78159840 78347267.13 0.239800%
3463 45402 45248.21 -0.338740% 78114438 78302018.93 0.240136%
3461 45516 45248.21 -0.588353% 78068922 78256770.72 0.240619%
3457 45408 45274.38 -0.294259% 78023514 78211496.34 0.240930%
3449 45628 45353.14 -0.602385% 77977886 78166143.20 0.241424%
3433 45784 45538.10 -0.537094% 77932102 78120605.10 0.241881%
3413 45996 45778.26 -0.473383% 77886106 78074826.84 0.242304%
3407 45980 45832.01 -0.321860% 77840126 78028994.83 0.242637%
3391 46248 46021.23 -0.490336% 77793878 77982973.60 0.243073%
3389 46152 46021.23 -0.283347% 77747726 77936952.37 0.243385%
3373 46396 46212.25 -0.396056% 77701330 77890740.12 0.243767%
3371 46412 46212.25 -0.430394% 77654918 77844527.88 0.244170%
3361 46486 46322.24 -0.352274% 77608432 77798205.64 0.244527%
3359 46510 46322.24 -0.403694% 77561922 77751883.39 0.244916%
3347 46594 46460.64 -0.286214% 77515328 77705422.75 0.245235%
3343 46598 46488.44 -0.235123% 77468730 77658934.31 0.245524%
3331 46754 46628.00 -0.269495% 77421976 77612306.31 0.245835%
3329 46812 46628.00 -0.393061% 77375164 77565678.31 0.246222%
3323 46832 46684.13 -0.315750% 77328332 77518994.19 0.246562%
3319 46828 46712.26 -0.247161% 77281504 77472281.93 0.246861%
3313 46896 46768.66 -0.271541% 77234608 77425513.27 0.247176%
3307 47020 46825.23 -0.414234% 77187588 77378688.04 0.247579%
3301 47058 46881.97 -0.374075% 77140530 77331806.07 0.247958%
3299 47100 46881.97 -0.462913% 77093430 77284924.11 0.248392%
3271 47420 47254.62 -0.348765% 77046010 77237669.49 0.248760%
3259 47576 47399.61 -0.370748% 76998434 77190269.88 0.249143%
3257 47658 47399.61 -0.542169% 76950776 77142870.26 0.249633%
3253 47568 47428.76 -0.292728% 76903208 77095441.51 0.249968%
3251 47542 47428.76 -0.238200% 76855666 77048012.75 0.250270%
3229 47870 47722.52 -0.308079% 76807796 77000290.23 0.250618%
3221 47964 47811.42 -0.318116% 76759832 76952478.81 0.250973%
3217 47912 47841.14 -0.147889% 76711920 76904637.67 0.251223%
3209 47996 47930.59 -0.136274% 76663924 76856707.08 0.251465%
3203 48088 47990.45 -0.202855% 76615836 76808716.62 0.251750%
3191 48340 48140.84 -0.411990% 76567496 76760575.78 0.252169%
3187 48374 48171.05 -0.419534% 76519122 76712404.73 0.252594%
3181 48366 48231.63 -0.277823% 76470756 76664173.10 0.252929%
3169 48484 48383.83 -0.206611% 76422272 76615789.27 0.253221%
3167 48538 48383.83 -0.317635% 76373734 76567405.44 0.253584%
3163 48528 48414.42 -0.234050% 76325206 76518991.02 0.253894%
3137 48852 48784.82 -0.137516% 76276354 76470206.20 0.254145%
3121 49044 49003.66 -0.082259% 76227310 76421202.55 0.254361%
3119 49150 49003.66 -0.297748% 76178160 76372198.89 0.254717%
3109 49272 49129.75 -0.288700% 76128888 76323069.14 0.255069%
3089 49522 49416.04 -0.213972% 76079366 76273653.10 0.255374%
3083 49600 49480.15 -0.241631% 76029766 76224172.95 0.255698%
3079 49624 49512.29 -0.225110% 75980142 76174660.66 0.256012%
3067 49808 49673.73 -0.269581% 75930334 76124986.93 0.256357%
3061 49792 49738.64 -0.107168% 75880542 76075248.29 0.256596%
3049 50022 49901.77 -0.240354% 75830520 76025346.52 0.256924%
3041 50130 50000.23 -0.258871% 75780390 75975346.30 0.257265%
3037 50078 50033.16 -0.089550% 75730312 75925313.14 0.257494%
3023 50294 50231.77 -0.123742% 75680018 75875081.37 0.257748%
3019 50338 50265.04 -0.144936% 75629680 75824816.33 0.258016%
3011 50448 50365.21 -0.164119% 75579232 75774451.13 0.258297%
3001 50602 50499.47 -0.202625% 75528630 75723951.66 0.258606%
2999 50566 50499.47 -0.131575% 75478064 75673452.19 0.258868%
2971 50980 50941.40 -0.075713% 75427084 75622510.79 0.259094%
2969 50982 50941.40 -0.079633% 75376102 75571569.39 0.259323%
2963 51130 51010.17 -0.234360% 75324972 75520559.22 0.259658%
2957 51142 51079.17 -0.122846% 75273830 75469480.04 0.259918%
2953 51204 51113.77 -0.176219% 75222626 75418366.27 0.260215%
2939 51442 51322.47 -0.232363% 75171184 75367043.81 0.260552%
2927 51580 51497.81 -0.159346% 75119604 75315546.00 0.260840%
2917 51678 51639.04 -0.075382% 75067926 75263906.95 0.261071%
2909 51738 51745.55 0.014599% 75016188 75212161.40 0.261241%
2903 51934 51816.85 -0.225570% 74964254 75160344.55 0.261579%
2897 51882 51888.40 0.012332% 74912372 75108456.15 0.261751%
2887 52146 52032.18 -0.218266% 74860226 75056423.97 0.262086%
2879 52208 52140.62 -0.129059% 74808018 75004283.34 0.262359%
2861 52534 52432.21 -0.193751% 74755484 74951851.13 0.262679%
2857 52576 52468.92 -0.203669% 74702908 74899382.21 0.263007%
2851 52626 52542.53 -0.158602% 74650282 74846839.68 0.263305%
2843 52780 52653.42 -0.239821% 74597502 74794186.25 0.263661%
2837 52750 52727.66 -0.042350% 74544752 74741458.59 0.263877%
2833 52830 52764.88 -0.123255% 74491922 74688693.71 0.264152%
2819 52988 52989.50 0.002822% 74438934 74635704.21 0.264338%
2803 53270 53254.16 -0.029737% 74385664 74582450.06 0.264548%
2801 53296 53254.16 -0.078506% 74332368 74529195.90 0.264794%
2797 53290 53292.24 0.004201% 74279078 74475903.66 0.264981%
2791 53310 53368.62 0.109953% 74225768 74422535.04 0.265093%
2789 53446 53368.62 -0.144789% 74172322 74369166.43 0.265388%
2777 53548 53560.80 0.023898% 74118774 74315605.63 0.265562%
2767 53652 53715.65 0.118640% 74065122 74261889.98 0.265669%
2753 53920 53949.79 0.055254% 74011202 74207940.18 0.265822%
2749 53932 53989.04 0.105769% 73957270 74153951.14 0.265939%
2741 54024 54107.22 0.154051% 73903246 74099843.91 0.266021%
2731 54340 54265.72 -0.136690% 73848906 74045578.19 0.266317%
2729 54302 54265.72 -0.066807% 73794604 73991312.47 0.266562%
2719 54412 54425.39 0.024601% 73740192 73936887.08 0.266741%
2713 54508 54505.63 -0.004348% 73685684 73882381.45 0.266941%
2711 54428 54505.63 0.142629% 73631256 73827875.82 0.267033%
2707 54454 54545.90 0.168767% 73576802 73773329.92 0.267106%
2699 54590 54667.16 0.141341% 73522212 73718662.77 0.267199%
2693 54702 54748.36 0.084745% 73467510 73663914.41 0.267335%
2689 54790 54789.08 -0.001684% 73412720 73609125.33 0.267536%
2687 54804 54789.08 -0.027229% 73357916 73554336.25 0.267756%
2683 54818 54829.92 0.021743% 73303098 73499506.34 0.267940%
2677 54824 54911.85 0.160233% 73248274 73444594.49 0.268021%
2671 54922 54994.08 0.131242% 73193352 73389600.41 0.268123%
2663 55070 55117.99 0.087139% 73138282 73334482.42 0.268260%
2659 55040 55159.45 0.217015% 73083242 73279322.98 0.268298%
2657 55078 55159.45 0.147873% 73028164 73224163.53 0.268389%
2647 55170 55326.15 0.283040% 72972994 73168837.38 0.268378%
2633 55548 55578.30 0.054555% 72917446 73113259.07 0.268541%
2621 55804 55790.35 -0.024453% 72861642 73057468.72 0.268765%
2617 55656 55832.99 0.318009% 72805986 73001635.73 0.268728%
2609 55798 55961.39 0.292828% 72750188 72945674.34 0.268709%
2593 56114 56263.54 0.266486% 72694074 72889410.80 0.268711%
2591 56170 56263.54 0.166523% 72637904 72833147.26 0.268790%
2579 56208 56481.70 0.486935% 72581696 72776665.57 0.268621%
2557 56768 56923.48 0.273882% 72524928 72719742.09 0.268617%
2551 56862 57012.73 0.265087% 72468066 72662729.36 0.268620%
2549 56790 57012.73 0.392206% 72411276 72605716.62 0.268523%
2543 56862 57102.41 0.422799% 72354414 72548614.21 0.268401%
2539 56984 57147.39 0.286733% 72297430 72491466.82 0.268387%
2531 57126 57282.87 0.274596% 72240304 72434183.95 0.268382%
2521 57278 57464.64 0.325857% 72183026 72376719.31 0.268336%
2503 57658 57831.98 0.301740% 72125368 72318887.33 0.268310%
2477 58116 58392.32 0.475461% 72067252 72260495.01 0.268143%
2473 58072 58439.54 0.632909% 72009180 72202055.47 0.267848%
2467 58230 58534.30 0.522578% 71950950 72143521.17 0.267642%
2459 58490 58677.12 0.319921% 71892460 72084844.05 0.267600%
2447 58680 58916.91 0.403739% 71833780 72025927.14 0.267489%
2441 58792 59013.46 0.376683% 71774988 71966913.68 0.267399%
2437 58720 59061.89 0.582239% 71716268 71907851.79 0.267141%
2423 59110 59354.40 0.413461% 71657158 71848497.39 0.267021%
2417 59216 59452.63 0.399597% 71597942 71789044.77 0.266911%
2411 59364 59551.26 0.315445% 71538578 71729493.50 0.266871%
2399 59552 59799.49 0.415594% 71479026 71669694.01 0.266747%
2393 59622 59899.45 0.465351% 71419404 71609794.56 0.266581%
2389 59652 59949.60 0.498890% 71359752 71549844.96 0.266387%
2383 59742 60050.23 0.515929% 71300010 71489794.73 0.266178%
2381 59802 60050.23 0.415081% 71240208 71429744.51 0.266053%
2377 59820 60100.75 0.469329% 71180388 71369643.75 0.265882%
2371 59860 60202.15 0.571577% 71120528 71309441.61 0.265625%
2357 60254 60508.65 0.422624% 71060274 71248932.96 0.265491%
2351 60402 60611.60 0.347004% 70999872 71188321.36 0.265422%
2347 60418 60663.25 0.405919% 70939454 71127658.12 0.265302%
2341 60504 60766.90 0.434519% 70878950 71066891.21 0.265158%
2339 60462 60766.90 0.504286% 70818488 71006124.31 0.264954%
2333 60542 60871.09 0.543570% 70757946 70945253.22 0.264715%
2311 61036 61397.88 0.592900% 70696910 70883855.34 0.264432%
2309 60964 61397.88 0.711703% 70635946 70822457.46 0.264046%
2297 61386 61665.18 0.454792% 70574560 70760792.28 0.263880%
2293 61280 61718.96 0.716325% 70513280 70699073.32 0.263487%
2287 61434 61826.91 0.639567% 70451846 70637246.41 0.263159%
2281 61596 61935.33 0.550900% 70390250 70575311.07 0.262907%
2273 61756 62098.82 0.555123% 70328494 70513212.25 0.262651%
2269 61810 62153.56 0.555830% 70266684 70451058.69 0.262393%
2267 61792 62153.56 0.585122% 70204892 70388905.13 0.262109%
2251 62140 62540.12 0.643901% 70142752 70326365.01 0.261770%
2243 62392 62707.41 0.505536% 70080360 70263657.60 0.261553%
2239 62398 62763.43 0.585640% 70017962 70200894.17 0.261265%
2237 62294 62763.43 0.753568% 69955668 70138130.74 0.260826%
2221 62750 63159.06 0.651881% 69892918 70074971.69 0.260475%
2213 62888 63330.30 0.703306% 69830030 70011641.39 0.260076%
2207 63002 63445.08 0.703273% 69767028 69948196.32 0.259676%
2203 63118 63502.67 0.609453% 69703910 69884693.64 0.259359%
2179 63642 64143.82 0.788507% 69640268 69820549.82 0.258876%
2161 64138 64618.74 0.749542% 69576130 69755931.08 0.258424%
2153 64400 64798.82 0.619288% 69511730 69691132.26 0.258089%
2143 64446 65040.72 0.922820% 69447284 69626091.54 0.257472%
2141 64496 65040.72 0.844581% 69382788 69561050.82 0.256927%
2137 64562 65101.59 0.835773% 69318226 69495949.23 0.256387%
2131 64774 65223.79 0.694400% 69253452 69430725.43 0.255978%
2129 64610 65223.79 0.949994% 69188842 69365501.64 0.255330%
2113 65054 65655.94 0.925294% 69123788 69299845.70 0.254699%
2111 65130 65655.94 0.807525% 69058658 69234189.76 0.254178%
2099 65472 65968.74 0.758702% 68993186 69168221.02 0.253699%
2089 65630 66221.37 0.901067% 68927556 69101999.65 0.253083%
2087 65638 66221.37 0.888769% 68861918 69035778.28 0.252477%
2083 65686 66284.95 0.911842% 68796232 68969493.33 0.251847%
2081 65680 66284.95 0.921061% 68730552 68903208.38 0.251208%
2069 66002 66605.32 0.914101% 68664550 68836603.05 0.250570%
2063 65962 66734.47 1.171079% 68598588 68769868.59 0.249685%
2053 66266 66994.51 1.099378% 68532322 68702874.07 0.248864%
2039 66716 67388.79 1.008443% 68465606 68635485.28 0.248124%
2029 67010 67654.50 0.961789% 68398596 68567830.79 0.247424%
2027 67024 67654.50 0.940700% 68331572 68500176.29 0.246744%
2017 67208 67922.83 1.063612% 68264364 68432253.46 0.245940%
2011 67284 68057.93 1.150251% 68197080 68364195.52 0.245048%
2003 67480 68261.80 1.158570% 68129600 68295933.72 0.244143%
1999 67466 68330.10 1.280791% 68062134 68227603.62 0.243116%
1997 67492 68330.10 1.241775% 67994642 68159273.52 0.242124%
1993 67550 68398.67 1.256357% 67927092 68090874.85 0.241116%
1987 67754 68536.36 1.154709% 67859338 68022338.49 0.240203%
1979 67836 68744.15 1.338747% 67791502 67953594.34 0.239104%
1973 68184 68883.52 1.025933% 67723318 67884710.82 0.238312%
1951 68736 69589.66 1.241936% 67654582 67815121.16 0.237292%
1949 68796 69589.66 1.153639% 67585786 67745531.50 0.236360%
1933 69206 70093.67 1.282648% 67516580 67675437.83 0.235287%
1931 69128 70093.67 1.396930% 67447452 67605344.17 0.234097%
1913 69892 70679.92 1.127340% 67377560 67534664.24 0.233170%
1907 69916 70828.17 1.304672% 67307644 67463836.07 0.232057%
1901 70094 70977.21 1.260033% 67237550 67392858.86 0.230985%
1889 70516 71352.95 1.186890% 67167034 67321505.91 0.229982%
1879 70714 71656.74 1.333171% 67096320 67249849.18 0.228819%
1877 70780 71656.74 1.238681% 67025540 67178192.44 0.227753%
1873 70832 71733.25 1.272383% 66954708 67106459.18 0.226648%
1871 70886 71733.25 1.195235% 66883822 67034725.93 0.225621%
1867 70882 71810.10 1.309356% 66812940 66962915.83 0.224471%
1861 70964 71964.44 1.409792% 66741976 66890951.39 0.223211%
1847 71464 72432.00 1.354527% 66670512 66818519.39 0.221998%
1831 72070 72985.82 1.270739% 66598442 66745533.57 0.220863%
1823 72098 73226.04 1.564590% 66526344 66672307.53 0.219407%
1811 72544 73630.38 1.497544% 66453800 66598677.15 0.218012%
1801 72974 73957.44 1.347662% 66380826 66524719.71 0.216770%
1789 73372 74370.84 1.361342% 66307454 66450348.86 0.215503%
1787 73070 74370.84 1.780271% 66234384 66375978.02 0.213777%
1783 73382 74454.27 1.461211% 66161002 66301523.75 0.212394%
1777 73460 74621.86 1.581624% 66087542 66226901.89 0.210872%
1759 74058 75300.63 1.677911% 66013484 66151601.27 0.209226%
1753 74418 75472.45 1.416927% 65939066 66076128.82 0.207863%
1747 74392 75645.25 1.684661% 65864674 66000483.56 0.206195%
1741 74770 75819.05 1.403037% 65789904 65924664.51 0.204835%
1733 74852 76081.55 1.642644% 65715052 65848582.96 0.203197%
1723 75200 76434.80 1.642026% 65639852 65772148.16 0.201549%
1721 75212 76434.80 1.625809% 65564640 65695713.35 0.199915%
1709 75558 76882.05 1.752365% 65489082 65618831.30 0.198124%
1699 75964 77244.06 1.685091% 65413118 65541587.24 0.196397%
1697 76064 77244.06 1.551408% 65337054 65464343.18 0.194819%
1693 76164 77335.31 1.537884% 65260890 65387007.86 0.193252%
1669 76942 78354.71 1.836075% 65183948 65308653.15 0.191313%
1667 77154 78354.71 1.556255% 65106794 65230298.44 0.189695%
1663 77148 78448.95 1.686299% 65029646 65151849.49 0.187920%
1657 77182 78638.32 1.886867% 64952464 65073211.17 0.185901%
1637 78000 79503.01 1.926932% 64874464 64993708.16 0.183808%
1627 78404 79893.93 1.900318% 64796060 64913814.24 0.181731%
1621 78518 80091.07 2.003455% 64717542 64833723.17 0.179520%
1619 78628 80091.07 1.860752% 64638914 64753632.09 0.177475%
1613 78724 80289.69 1.988830% 64560190 64673342.41 0.175267%
1609 78860 80389.49 1.939497% 64481330 64592952.92 0.173109%
1607 78808 80389.49 2.006760% 64402522 64512563.43 0.170865%
1601 78922 80590.34 2.113904% 64323600 64431973.10 0.168481%
1597 79132 80691.26 1.970458% 64244468 64351281.83 0.166262%
1583 79728 81302.95 1.975399% 64164740 64269978.89 0.164014%
1579 79894 81405.93 1.892415% 64084846 64188572.96 0.161859%
1571 80094 81716.83 2.026162% 64004752 64106856.13 0.159526%
1567 79912 81821.13 2.389042% 63924840 64025035.00 0.156739%
1559 80342 82136.03 2.232991% 63844498 63942898.97 0.154126%
1553 80618 82347.58 2.145407% 63763880 63860551.38 0.151608%
1549 80806 82453.91 2.039338% 63683074 63778097.48 0.149213%
1543 80988 82667.66 2.073958% 63602086 63695429.82 0.146762%
1531 81530 83207.62 2.057667% 63520556 63612222.20 0.144310%
1523 81790 83535.42 2.134026% 63438766 63528686.78 0.141744%
1511 82198 84088.27 2.299653% 63356568 63444598.52 0.138945%
1499 82784 84649.23 2.253130% 63273784 63359949.28 0.136178%
1493 83066 84876.02 2.179015% 63190718 63275073.26 0.133493%
1489 83166 84990.02 2.193233% 63107552 63190083.24 0.130779%
1487 83030 84990.02 2.360622% 63024522 63105093.22 0.127841%
1483 83310 85104.64 2.154175% 62941212 63019988.57 0.125159%
1481 83278 85104.64 2.193429% 62857934 62934883.93 0.122419%
1471 83540 85567.48 2.426961% 62774394 62849316.44 0.119352%
1459 84084 86153.96 2.461781% 62690310 62763162.48 0.116210%
1453 84388 86391.14 2.373725% 62605922 62676771.34 0.113167%
1451 84286 86391.14 2.497614% 62521636 62590380.20 0.109953%
1447 84262 86510.55 2.668518% 62437374 62503869.66 0.106500%
1439 84908 86871.26 2.312217% 62352466 62416998.40 0.103496%
1433 84742 87113.75 2.798784% 62267724 62329884.65 0.099828%
1429 85156 87235.67 2.442186% 62182568 62242648.99 0.096620%
1427 85032 87235.67 2.591575% 62097536 62155413.32 0.093204%
1423 85078 87358.28 2.680218% 62012458 62068055.04 0.089655%
1409 86052 88102.28 2.382604% 61926406 61979952.76 0.086468%
1399 86344 88606.08 2.619846% 61840062 61891346.68 0.082931%
1381 87390 89632.65 2.566258% 61752672 61801714.03 0.079417%
1373 87642 90024.35 2.718271% 61665030 61711689.69 0.075666%
1367 87888 90287.77 2.730485% 61577142 61621401.92 0.071877%
1361 88226 90553.13 2.637687% 61488916 61530848.79 0.068196%
1327 90432 92736.77 2.548625% 61398484 61438112.02 0.064542%
1321 90764 93017.58 2.482901% 61307720 61345094.44 0.060962%
1319 90772 93017.58 2.473869% 61216948 61252076.86 0.057384%
1307 91094 93729.27 2.892911% 61125854 61158347.59 0.053159%
1303 91422 93873.14 2.681122% 61034432 61064474.45 0.049222%
1301 91128 93873.14 3.012395% 60943304 60970601.32 0.044791%
1297 91448 94017.89 2.810219% 60851856 60876583.43 0.040635%
1291 91618 94309.19 2.937405% 60760238 60782274.24 0.036268%
1289 91586 94309.19 2.973371% 60668652 60687965.05 0.031834%
1283 91866 94603.22 2.979578% 60576786 60593361.83 0.027363%
1279 91982 94751.15 3.010537% 60484804 60498610.67 0.022827%
1277 91910 94751.15 3.091233% 60392894 60403859.52 0.018157%
1259 93038 95955.30 3.135597% 60299856 60307904.22 0.013347%
1249 93722 96569.90 3.038670% 60206134 60211334.32 0.008638%
1237 94242 97350.58 3.298509% 60111892 60113983.74 0.003480%
1231 94776 97666.91 3.050256% 60017116 60016316.83 -0.001332%
1229 94730 97666.91 3.100297% 59922386 59918649.92 -0.006235%
1223 94920 97986.34 3.230452% 59827466 59820663.57 -0.011370%
1217 95228 98308.40 3.234767% 59732238 59722355.17 -0.016545%
1213 95470 98470.49 3.142867% 59636768 59623884.68 -0.021603%
1201 96132 99290.40 3.285482% 59540636 59524594.28 -0.026942%
1193 96636 99789.76 3.263550% 59444000 59424804.51 -0.032292%
1187 96882 100126.04 3.348444% 59347118 59324678.47 -0.037811%
1181 97022 100465.16 3.548847% 59250096 59224213.31 -0.043684%
1171 97776 101151.52 3.452296% 59152320 59123061.79 -0.049462%
1163 98172 101673.37 3.566562% 59054148 59021388.43 -0.055474%
1153 99004 102378.82 3.408769% 58955144 58919009.61 -0.061291%
1151 99204 102378.82 3.200292% 58855940 58816630.79 -0.066789%
1129 100532 104192.44 3.641067% 58755408 58712438.36 -0.073133%
1123 100886 104563.56 3.645262% 58654522 58607874.80 -0.079529%
1117 101198 104938.00 3.695728% 58553324 58502936.79 -0.086054%
1109 101728 105505.75 3.713577% 58451596 58397431.05 -0.092666%
1103 102372 105888.36 3.434885% 58349224 58291542.68 -0.098855%
1097 102674 106274.46 3.506694% 58246550 58185268.22 -0.105211%
1093 102658 106468.93 3.712255% 58143892 58078799.30 -0.111951%
1091 102646 106468.93 3.724379% 58041246 57972330.37 -0.118736%
1087 102550 106664.82 4.012502% 57938696 57865665.55 -0.126048%
1069 104178 108261.30 3.919543% 57834518 57757404.25 -0.133335%
1063 104588 108668.68 3.901673% 57729930 57648735.57 -0.140645%
1061 104568 108668.68 3.921545% 57625362 57540066.88 -0.148017%
1051 105314 109495.85 3.970835% 57520048 57430571.04 -0.155558%
1049 105368 109495.85 3.917551% 57414680 57321075.19 -0.163033%
1039 105886 110338.93 4.205402% 57308794 57210736.26 -0.171104%
1033 106500 110766.19 4.005811% 57202294 57099970.07 -0.178881%
1031 106350 110766.19 4.152504% 57095944 56989203.88 -0.186949%
1021 107136 111634.09 4.198488% 56988808 56877569.79 -0.195193%
1019 107148 111634.09 4.186818% 56881660 56765935.70 -0.203447%
1013 107544 112074.90 4.213064% 56774116 56653860.80 -0.211813%
1009 107674 112297.05 4.293560% 56666442 56541563.75 -0.220374%
997 108658 113423.40 4.385685% 56557784 56428140.36 -0.229223%
991 109172 113881.21 4.313571% 56448612 56314259.15 -0.238009%
983 109744 114576.32 4.403262% 56338868 56199682.83 -0.247050%
977 110382 115045.41 4.224792% 56228486 56084637.42 -0.255829%
971 110768 115519.34 4.289448% 56117718 55969118.08 -0.264800%
967 110756 115758.26 4.516467% 56006962 55853359.83 -0.274256%
953 112098 117215.87 4.565528% 55894864 55736143.96 -0.283962%
947 112396 117710.97 4.728789% 55782468 55618432.99 -0.294062%
941 113068 118211.33 4.548886% 55669400 55500221.66 -0.303898%
937 113088 118463.65 4.753514% 55556312 55381758.00 -0.314193%
929 113964 119228.76 4.619667% 55442348 55262529.24 -0.324335%
919 114692 120266.66 4.860546% 55327656 55142262.59 -0.335083%
911 115452 121058.75 4.856351% 55212204 55021203.83 -0.345938%
907 115732 121325.70 4.833320% 55096472 54899878.14 -0.356818%
887 118220 123787.77 4.709672% 54978252 54776090.36 -0.367712%
883 118144 124068.15 5.014351% 54860108 54652022.21 -0.379303%
881 117866 124068.15 5.262039% 54742242 54527954.05 -0.391449%
877 118212 124351.09 5.193290% 54624030 54403602.96 -0.403535%
863 119988 126080.19 5.077335% 54504042 54277522.77 -0.415601%
859 120310 126373.74 5.040099% 54383732 54151149.02 -0.427670%
857 120294 126373.74 5.054070% 54263438 54024775.28 -0.439822%
853 120392 126670.05 5.214672% 54143046 53898105.23 -0.452396%
839 121968 128481.78 5.340562% 54021078 53769623.46 -0.465475%
829 123200 129721.65 5.293546% 53897878 53639901.81 -0.478639%
827 123058 129721.65 5.415047% 53774820 53510180.16 -0.492126%
823 123216 130036.89 5.535718% 53651604 53380143.27 -0.505969%
821 122924 130036.89 5.786413% 53528680 53250106.38 -0.520419%
811 124468 131319.62 5.504725% 53404212 53118786.76 -0.534462%
809 124218 131319.62 5.717063% 53279994 52987467.14 -0.549037%
797 125516 132967.30 5.936530% 53154478 52854499.84 -0.564352%
787 126896 134318.93 5.849619% 53027582 52720180.91 -0.579700%
773 128720 136404.09 5.969616% 52898862 52583776.82 -0.595637%
769 129188 136758.85 5.860333% 52769674 52447017.97 -0.611442%
761 130156 137837.10 5.901460% 52639518 52309180.87 -0.627546%
757 130410 138201.27 5.974442% 52509108 52170979.60 -0.643942%
751 130908 138937.36 6.133592% 52378200 52032042.23 -0.660881%
743 131714 140059.33 6.335950% 52246486 51891982.90 -0.678520%
739 132222 140438.38 6.214082% 52114264 51751544.52 -0.696008%
733 133092 141204.76 6.095603% 51981172 51610339.76 -0.713397%
727 133578 141981.68 6.291214% 51847594 51468358.08 -0.731444%
719 134580 143166.50 6.380223% 51713014 51325191.58 -0.749951%
709 135868 144781.92 6.560723% 51577146 51180409.65 -0.769210%
701 136758 146021.14 6.773381% 51440388 51034388.51 -0.789262%
691 138332 147711.69 6.780563% 51302056 50886676.82 -0.809674%
683 139760 149009.30 6.617990% 51162296 50737667.52 -0.829964%
677 140314 149889.71 6.824488% 51021982 50587777.81 -0.851014%
673 140806 150335.15 6.767573% 50881176 50437442.66 -0.872097%
661 142704 152609.51 6.941297% 50738472 50284833.15 -0.894073%
659 142630 152609.51 6.996781% 50595842 50132223.64 -0.916317%
653 143560 153544.33 6.954813% 50452282 49978679.31 -0.938714%
647 144280 154493.60 7.079012% 50308002 49824185.71 -0.961708%
643 144622 154974.14 7.158067% 50163380 49669211.57 -0.985118%
641 144592 154974.14 7.180300% 50018788 49514237.44 -1.008722%
631 145940 156938.95 7.536622% 49872848 49357298.49 -1.033728%
619 148708 159474.31 7.239899% 49724140 49197824.18 -1.058471%
617 148166 159474.31 7.632189% 49575974 49038349.87 -1.084445%
613 148482 159994.62 7.753543% 49427492 48878355.26 -1.110995%
607 149408 161048.95 7.791381% 49278084 48717306.31 -1.137986%
601 150640 162120.82 7.621362% 49127444 48555185.49 -1.164845%
599 150424 162120.82 7.775900% 48977020 48393064.67 -1.192305%
593 151008 163214.38 8.083269% 48826012 48229850.29 -1.220992%
587 152296 164326.58 7.899470% 48673716 48065523.71 -1.249529%
577 153908 166604.93 8.249691% 48519808 47898918.78 -1.279661%
571 154850 167772.04 8.344879% 48364958 47731146.73 -1.310476%
569 154636 167772.04 8.494817% 48210322 47563374.69 -1.341927%
563 155820 168964.03 8.435394% 48054502 47394410.65 -1.373631%
557 156630 170177.42 8.649312% 47897872 47224233.24 -1.406406%
547 158542 172666.30 8.908870% 47739330 47051566.94 -1.440663%
541 159764 173942.95 8.874932% 47579566 46877623.99 -1.475301%
523 164516 179264.34 8.964682% 47415050 46698359.65 -1.511525%
521 164624 179264.34 8.893197% 47250426 46519095.32 -1.547776%
509 167592 182786.23 9.066202% 47082834 46336309.09 -1.585556%
503 168384 184239.80 9.416451% 46914450 46152069.29 -1.625045%
499 169488 184978.23 9.139428% 46744962 45967091.06 -1.664074%
491 171230 187238.66 9.349215% 46573732 45779852.40 -1.704565%
487 171644 188007.61 9.533457% 46402088 45591844.79 -1.746135%
479 173284 190362.61 9.855849% 46228804 45401482.18 -1.789624%
467 177002 194438.90 9.851242% 46051802 45207043.29 -1.834366%
463 177616 195278.80 9.944377% 45874186 45011764.48 -1.879971%
461 177194 195278.80 10.206217% 45696992 44816485.68 -1.926837%
457 177892 196133.42 10.254208% 45519100 44620352.26 -1.974441%
449 180150 198754.35 10.327146% 45338950 44421597.91 -2.023320%
443 181436 200548.97 10.534279% 45157514 44221048.93 -2.073775%
439 182138 201462.64 10.609888% 44975376 44019586.29 -2.125140%
433 183246 203323.72 10.956705% 44792130 43816262.57 -2.178658%
431 183534 203323.72 10.782593% 44608596 43612938.85 -2.231985%
421 186410 207187.36 11.146053% 44422186 43405751.49 -2.288124%
419 186348 207187.36 11.183033% 44235838 43198564.13 -2.344872%
409 189714 211239.92 11.346512% 44046124 42987324.21 -2.403843%
401 192806 214400.62 11.200180% 43853318 42772923.59 -2.463655%
397 193034 215480.72 11.628378% 43660284 42557442.86 -2.525960%
389 196000 218804.33 11.634864% 43464284 42338638.53 -2.589817%
383 197762 221089.50 11.795742% 43266522 42117549.03 -2.655570%
379 198424 222256.20 12.010742% 43068098 41895292.84 -2.723141%
373 200426 224639.64 12.081087% 42867672 41670653.20 -2.792358%
367 202090 227088.03 12.369750% 42665582 41443565.17 -2.864175%
359 205316 230883.37 12.452693% 42460266 41212681.80 -2.938239%
353 207574 233499.61 12.489817% 42252692 40979182.19 -3.014032%
349 208582 234837.72 12.587721% 42044110 40744344.47 -3.091433%
347 208368 234837.72 12.703352% 41835742 40509506.75 -3.170101%
337 212876 240412.50 12.935466% 41622866 40269094.24 -3.252471%
331 215056 243317.79 13.141596% 41407810 40025776.45 -3.337616%
317 223520 252528.56 12.978059% 41184290 39773247.89 -3.426166%
313 224554 254142.16 13.176411% 40959736 39519105.74 -3.517186%
311 223850 254142.16 13.532347% 40735886 39264963.58 -3.610876%
307 225860 255797.81 13.255029% 40510026 39009165.77 -3.704911%
293 234026 266274.17 13.779738% 40276000 38742891.60 -3.806506%
283 240984 273801.35 13.618063% 40035016 38469090.25 -3.911390%
281 240364 273801.35 13.911132% 39794652 38195288.89 -4.019040%
277 241892 275778.26 14.008838% 39552760 37919510.63 -4.129293%
271 245284 279848.79 14.091741% 39307476 37639661.84 -4.242995%
269 245260 279848.79 14.102906% 39062216 37359813.06 -4.358183%
263 249170 284105.04 14.020565% 38813046 37075708.02 -4.476170%
257 252068 288526.91 14.463919% 38560978 36787181.11 -4.599979%
251 256668 293124.95 14.203932% 38304310 36494056.16 -4.725980%
241 264898 302855.24 14.329001% 38039412 36191200.92 -4.858674%
239 264376 302855.24 14.554739% 37775036 35888345.68 -4.994543%
233 269244 308054.47 14.414609% 37505792 35580291.21 -5.133876%
229 271076 310744.90 14.633867% 37234716 35269546.31 -5.277789%
227 271448 310744.90 14.476770% 36963268 34958801.41 -5.422861%
223 273406 313531.85 14.676288% 36689862 34645269.56 -5.572636%
211 286848 328391.18 14.482646% 36403014 34316878.38 -5.730667%
199 301372 344893.25 14.441040% 36101642 33971985.13 -5.899058%
197 301072 344893.25 14.555073% 35800570 33627091.88 -6.071071%
193 305112 348467.27 14.209626% 35495458 33278624.60 -6.245400%
191 304584 348467.27 14.407610% 35190874 32930157.33 -6.424156%
181 318990 363869.14 14.069138% 34871884 32566288.19 -6.611618%
179 318500 363869.14 14.244628% 34553384 32202419.05 -6.803863%
173 326272 372282.30 14.101823% 34227112 31830136.75 -7.003148%
167 335604 381199.24 13.586025% 33891508 31448937.50 -7.207028%
163 339234 385876.53 13.749369% 33552274 31063060.97 -7.418910%
157 348800 395707.78 13.448332% 33203474 30667353.19 -7.638119%
151 358262 406190.11 13.377949% 32845212 30261163.08 -7.867353%
149 359460 406190.11 13.000086% 32485752 29854972.97 -8.098255%
139 381932 429567.96 12.472366% 32103820 29425405.01 -8.342979%
137 382987 429567.96 12.162542% 31720833 28995837.06 -8.590556%
131 395764 442684.54 11.855686% 31325069 28553152.52 -8.848876%
127 403214 449655.95 11.517940% 30921855 28103496.58 -9.114455%
113 451288 497407.02 10.219421% 30470567 27606089.56 -9.400801%
109 461788 506533.75 9.689674% 30008779 27099555.80 -9.694574%
107 463230 506533.75 9.348219% 29545549 26593022.05 -9.993136%
103 474868 516369.36 8.739557% 29070681 26076652.69 -10.299134%
101 477536 516369.36 8.132028% 28593145 25560283.33 -10.606954%
97 490870 527016.15 7.363691% 28102275 25033267.18 -10.920852%
89 530222 562545.33 6.096188% 27572053 24470721.85 -11.248097%
83 562334 589655.95 4.858669% 27009719 23881065.90 -11.583434%
79 581738 604583.95 3.927188% 26427981 23276481.95 -11.924857%
73 621750 637711.83 2.567243% 25806231 22638770.12 -12.274016%
71 627026 637711.83 1.704209% 25179205 22001058.29 -12.622109%
67 653312 656748.01 0.525937% 24525893 21344310.28 -12.972342%
61 707192 699813.45 -1.043359% 23818701 20644496.82 -13.326521%
59 715860 699813.45 -2.241576% 23102841 19944683.37 -13.669997%
53 784434 752629.56 -4.054444% 22318407 19192053.81 -14.007958%
47 868406 816683.14 -5.956069% 21450001 18375370.67 -14.333940%
43 924434 854668.40 -7.546845% 20525567 17520702.27 -14.639619%
41 938798 854668.40 -8.961416% 19586769 16666033.86 -14.911776%
37 1009590 900866.70 -10.769055% 18577179 15765167.17 -15.136915%
31 1166204 1017107.56 -12.784765% 17410975 14748059.61 -15.294464%
29 1186968 1017107.56 -14.310448% 16224007 13730952.05 -15.366456%
23 1427230 1193995.83 -16.341737% 14796777 12536956.22 -15.272385%
19 1607976 1319679.60 -17.929148% 13188801 11217276.62 -14.948473%
17 1630416 1319679.60 -19.058719% 11558385 9897597.02 -14.368685%
13 1897884 1522707.23 -19.768161% 9660501 8374889.78 -13.307915%
11 1897448 1522707.23 -19.749725% 7763053 6852182.55 -11.733405%
7 2386628 1957766.44 -17.969351% 5376425 4894416.11 -8.965230%
5 1280371 978883.22 -23.546908% 4096054 3915532.89 -4.407196%
3 2819548 2610355.26 -7.419372% 1276506 1305177.63 2.246102%
2 693944 652588.81 -5.959441% 582562 652588.81 12.020491%
